     1    0.9500838304E+00    0.1763884084E+00   -0.1000000000E+11    0.1000000000E+02    0.5730000000E+03   -0.1000000000E+01    0.1745200698E-02
     2    0.5362393422E+00    0.4791222297E+00    0.4950084645E+03    0.0000000000E+00    0.5310000000E+03   -0.1000000000E+01    0.1883239171E-02
     3    0.7792755781E+00    0.3118511083E+00    0.5211031534E+03    0.0000000000E+00    0.2850000000E+03   -0.1000000000E+01    0.3508771930E-02
     4    0.8526199104E+00    0.4568884146E+00    0.4951044387E+03    0.0000000000E+00    0.5300000000E+03   -0.1000000000E+01    0.1886792453E-02
     5    0.8868749537E+00    0.8138553382E+00    0.5019371896E+03    0.0000000000E+00    0.4930000000E+03   -0.1000000000E+01    0.2028397566E-02
     6    0.4374312437E+00    0.6564597342E+00    0.5341032103E+03    0.0000000000E+00    0.1660000000E+03   -0.1000000000E+01    0.6024096386E-02
     7    0.5855665092E-01    0.5815560676E+00    0.5297441968E+03    0.0000000000E+00    0.2040000000E+03   -0.1000000000E+01    0.4901960784E-02
     8    0.8277091324E+00    0.8818866299E+00    0.5024178094E+03    0.0000000000E+00    0.4880000000E+03   -0.1000000000E+01    0.2049180328E-02
     9    0.3692215185E-01    0.9335007012E+00    0.4988838609E+03    0.0000000000E+00    0.5150000000E+03   -0.1000000000E+01    0.1941747573E-02
    10    0.6859637488E+00    0.9808394692E+00   -0.1000000000E+11    0.1000000000E+02    0.5730000000E+03   -0.1000000000E+01    0.1745200698E-02
    11    0.1367199903E+00    0.1661913356E+00    0.5055678189E+03    0.0000000000E+00    0.4650000000E+03   -0.1000000000E+01    0.2150537634E-02
    12    0.4094794174E+00    0.7430685770E+00    0.5421253957E+03    0.0000000000E+00    0.1150000000E+03   -0.1000000000E+01    0.8695652174E-02
    13    0.9674318980E-01    0.2905850970E+00    0.5137313912E+03    0.0000000000E+00    0.3840000000E+03   -0.1000000000E+01    0.2604166667E-02
    14    0.1890511541E+00    0.9938253016E-01    0.5083802202E+03    0.0000000000E+00    0.4320000000E+03   -0.1000000000E+01    0.2314814815E-02
    15    0.7452792945E+00    0.6019650893E+00    0.5234813810E+03    0.0000000000E+00    0.2640000000E+03   -0.1000000000E+01    0.3787878788E-02
    16    0.4754812630E+00    0.6868098161E+00    0.5248703375E+03    0.0000000000E+00    0.2530000000E+03   -0.1000000000E+01    0.3952569170E-02
    17    0.5700724564E+00    0.4093576243E+00    0.5223019377E+03    0.0000000000E+00    0.2730000000E+03   -0.1000000000E+01    0.3663003663E-02
    18    0.2675469593E+00    0.2334521492E-01    0.5337086827E+03    0.0000000000E+00    0.1720000000E+03   -0.1000000000E+01    0.5813953488E-02
    19    0.6104644464E+00    0.2408393273E+00    0.5186351789E+03    0.0000000000E+00    0.3220000000E+03   -0.1000000000E+01    0.3105590062E-02
    20    0.6265574674E+00    0.8062909919E-01    0.5165255892E+03    0.0000000000E+00    0.3460000000E+03   -0.1000000000E+01    0.2890173410E-02
    21    0.3594313562E+00    0.3508244245E+00    0.5094977437E+03    0.0000000000E+00    0.4250000000E+03   -0.1000000000E+01    0.2352941176E-02
    22    0.2432438427E+00    0.5190018311E+00    0.5437553982E+03    0.0000000000E+00    0.1060000000E+03   -0.1000000000E+01    0.9433962264E-02
    23    0.9852831970E+00    0.8477624891E+00    0.4994742196E+03    0.0000000000E+00    0.5080000000E+03   -0.1000000000E+01    0.1968503937E-02
    24    0.3303853055E+00    0.7532167142E+00    0.5442556463E+03    0.0000000000E+00    0.1040000000E+03   -0.1000000000E+01    0.9615384615E-02
    25    0.9264593604E+00    0.1193005142E+00    0.4976229260E+03    0.0000000000E+00    0.5180000000E+03   -0.1000000000E+01    0.1930501931E-02
    26    0.3087039315E+00    0.7438977103E+00   -0.1000000000E+11    0.1000000000E+02    0.5730000000E+03   -0.1000000000E+01    0.1745200698E-02
    27    0.4037562661E+00    0.4568415657E+00    0.5137559500E+03    0.0000000000E+00    0.3830000000E+03   -0.1000000000E+01    0.2610966057E-02
    28    0.3219116651E+00    0.6764585631E-01    0.5184203469E+03    0.0000000000E+00    0.3260000000E+03   -0.1000000000E+01    0.3067484663E-02
    29    0.2337329460E+00    0.5428880734E+00    0.5150758889E+03    0.0000000000E+00    0.3660000000E+03   -0.1000000000E+01    0.2732240437E-02
    30    0.3398962022E+00    0.7293304719E+00   -0.1000000000E+11    0.1000000000E+02    0.5730000000E+03   -0.1000000000E+01    0.1745200698E-02
    31    0.2607029224E+00    0.7615275159E+00    0.5310953877E+03    0.0000000000E+00    0.1940000000E+03   -0.1000000000E+01    0.5154639175E-02
    32    0.2073331459E+00    0.5630971286E+00    0.5231946619E+03    0.0000000000E+00    0.2650000000E+03   -0.1000000000E+01    0.3773584906E-02
    33    0.2704786930E+00    0.9922951252E+00   -0.1000000000E+11    0.1000000000E+02    0.5730000000E+03   -0.1000000000E+01    0.1745200698E-02
    34    0.4065476837E+00    0.0000000000E+00    0.5279099526E+03    0.0000000000E+00    0.2210000000E+03   -0.1000000000E+01    0.4524886878E-02
    35    0.2635771885E+00    0.5263712121E+00    0.4967591904E+03    0.0000000000E+00    0.5220000000E+03   -0.1000000000E+01    0.1915708812E-02
    36    0.3100519597E+00    0.7428331912E+00    0.5334354373E+03    0.0000000000E+00    0.1780000000E+03   -0.1000000000E+01    0.5617977528E-02
    37    0.5528198332E-01    0.8609965851E+00    0.5255038771E+03    0.0000000000E+00    0.2470000000E+03   -0.1000000000E+01    0.4048582996E-02
    38    0.1000000000E+01    0.8863594542E+00    0.4773062800E+03    0.0000000000E+00    0.5580000000E+03   -0.1000000000E+01    0.1792114695E-02
    39    0.4861262951E+00    0.6375720122E+00    0.5188304539E+03    0.0000000000E+00    0.3180000000E+03   -0.1000000000E+01    0.3144654088E-02
    40    0.1665969650E+00    0.6244983958E+00    0.5073562041E+03    0.0000000000E+00    0.4410000000E+03   -0.1000000000E+01    0.2267573696E-02
    41    0.3113554217E+00    0.6196193544E+00    0.5175977712E+03    0.0000000000E+00    0.3350000000E+03   -0.1000000000E+01    0.2985074627E-02
    42    0.2622737266E+00    0.5758807862E+00    0.5519778912E+03    0.0000000000E+00    0.6600000000E+02   -0.1000000000E+01    0.1515151515E-01
    43    0.1000000000E+01    0.4638999344E+00    0.4889508284E+03    0.0000000000E+00    0.5440000000E+03   -0.1000000000E+01    0.1838235294E-02
    44    0.1000000000E+01    0.4292261017E+00    0.4893254808E+03    0.0000000000E+00    0.5420000000E+03   -0.1000000000E+01    0.1845018450E-02
    45    0.1499326512E+00    0.7119343209E+00    0.5597345675E+03    0.0000000000E+00    0.3900000000E+02   -0.1000000000E+01    0.2564102564E-01
    46    0.2390093052E+00    0.6228384609E+00    0.5014421063E+03    0.0000000000E+00    0.4980000000E+03   -0.1000000000E+01    0.2008032129E-02
    47    0.1131288580E+00    0.2520367023E+00    0.5179112798E+03    0.0000000000E+00    0.3320000000E+03   -0.1000000000E+01    0.3012048193E-02
    48    0.1726654859E+00    0.1379309248E+00    0.5260713612E+03    0.0000000000E+00    0.2400000000E+03   -0.1000000000E+01    0.4166666667E-02
    49    0.6256292992E+00    0.3449324749E+00    0.5189159377E+03    0.0000000000E+00    0.3150000000E+03   -0.1000000000E+01    0.3174603175E-02
    50    0.7641107253E+00    0.2077579606E+00    0.5415240972E+03    0.0000000000E+00    0.1190000000E+03   -0.1000000000E+01    0.8403361345E-02
    51    0.6031927665E+00    0.5910072355E+00    0.4935691754E+03    0.0000000000E+00    0.5350000000E+03   -0.1000000000E+01    0.1869158879E-02
    52    0.2035252687E+00    0.8804101194E+00    0.5210718791E+03    0.0000000000E+00    0.2860000000E+03   -0.1000000000E+01    0.3496503497E-02
    53    0.1258404721E+00    0.7294617582E+00   -0.1000000000E+11    0.1000000000E+02    0.5730000000E+03   -0.1000000000E+01    0.1745200698E-02
    54    0.4335715965E+00    0.7255411396E+00    0.5158633671E+03    0.0000000000E+00    0.3590000000E+03   -0.1000000000E+01    0.2785515320E-02
    55    0.2628333247E+00    0.5906785726E+00    0.5520740976E+03    0.0000000000E+00    0.6400000000E+02   -0.1000000000E+01    0.1562500000E-01
    56    0.1303431692E+00    0.6402575793E+00    0.5176065069E+03    0.0000000000E+00    0.3340000000E+03   -0.1000000000E+01    0.2994011976E-02
    57    0.6200695138E-01    0.6509872694E+00    0.5557108508E+03    0.0000000000E+00    0.5200000000E+02   -0.1000000000E+01    0.1923076923E-01
    58    0.3658112205E+00    0.6241708591E+00    0.5250901021E+03    0.0000000000E+00    0.2510000000E+03   -0.1000000000E+01    0.3984063745E-02
    59    0.3119421006E+00    0.1000000000E+01    0.5065282996E+03    0.0000000000E+00    0.4530000000E+03   -0.1000000000E+01    0.2207505519E-02
    60    0.8316692607E+00    0.0000000000E+00   -0.1000000000E+11    0.1000000000E+02    0.5730000000E+03   -0.1000000000E+01    0.1745200698E-02
    61    0.1324964437E+00    0.9053212521E+00    0.5030105151E+03    0.0000000000E+00    0.4840000000E+03   -0.1000000000E+01    0.2066115702E-02
    62    0.7271819080E-01    0.6676096539E+00    0.5730340643E+03    0.0000000000E+00    0.1800000000E+02   -0.1000000000E+01    0.5555555556E-01
    63    0.3460009408E+00    0.6011839996E+00    0.5398448140E+03    0.0000000000E+00    0.1250000000E+03   -0.1000000000E+01    0.8000000000E-02
    64    0.1411931472E+00    0.6368318022E+00    0.5293029637E+03    0.0000000000E+00    0.2100000000E+03   -0.1000000000E+01    0.4761904762E-02
    65    0.2608400698E+00    0.5328645395E+00    0.5165069936E+03    0.0000000000E+00    0.3470000000E+03   -0.1000000000E+01    0.2881844380E-02
    66    0.2621365792E+00    0.8045437627E+00    0.5356574219E+03    0.0000000000E+00    0.1550000000E+03   -0.1000000000E+01    0.6451612903E-02
    67    0.3111401826E+00    0.6723512986E+00    0.5348225390E+03    0.0000000000E+00    0.1590000000E+03   -0.1000000000E+01    0.6289308176E-02
    68    0.1151706716E+00    0.6154638085E+00    0.5532684512E+03    0.0000000000E+00    0.5900000000E+02   -0.1000000000E+01    0.1694915254E-01
    69    0.6932088388E+00    0.7540402008E+00   -0.1000000000E+11    0.1000000000E+02    0.5730000000E+03   -0.1000000000E+01    0.1745200698E-02
    70    0.5023700464E+00    0.8037128478E+00    0.5262056579E+03    0.0000000000E+00    0.2390000000E+03   -0.1000000000E+01    0.4184100418E-02
    71    0.2909720082E+00    0.0000000000E+00    0.5160653836E+03    0.0000000000E+00    0.3550000000E+03   -0.1000000000E+01    0.2816901408E-02
    72    0.4308143309E+00    0.0000000000E+00    0.5136307595E+03    0.0000000000E+00    0.3860000000E+03   -0.1000000000E+01    0.2590673575E-02
    73    0.2800403615E+00    0.4227336795E+00    0.5708157537E+03    0.0000000000E+00    0.2000000000E+02   -0.1000000000E+01    0.5000000000E-01
    74    0.2954789276E+00    0.1000000000E+01   -0.1000000000E+11    0.1000000000E+02    0.5730000000E+03   -0.1000000000E+01    0.1745200698E-02
    75    0.1460206139E+00    0.7104102956E+00    0.5382428032E+03    0.0000000000E+00    0.1390000000E+03   -0.1000000000E+01    0.7194244604E-02
    76    0.1159275139E+00    0.6946776684E+00    0.5510809624E+03    0.0000000000E+00    0.6800000000E+02   -0.1000000000E+01    0.1470588235E-01
    77    0.6626716620E-01    0.6525708319E+00    0.5382362810E+03    0.0000000000E+00    0.1400000000E+03   -0.1000000000E+01    0.7142857143E-02
    78    0.6845797598E-01    0.6660260913E+00    0.5296111358E+03    0.0000000000E+00    0.2060000000E+03   -0.1000000000E+01    0.4854368932E-02
    79    0.4994425771E+00    0.0000000000E+00    0.5935530238E+03    0.0000000000E+00    0.6000000000E+01   -0.1000000000E+01    0.1666666667E+00
    80    0.2223437620E+00    0.0000000000E+00    0.5621761448E+03    0.0000000000E+00    0.3100000000E+02   -0.1000000000E+01    0.3225806452E-01
    81    0.4295287849E+00    0.4955731649E+00    0.5256161744E+03    0.0000000000E+00    0.2460000000E+03   -0.1000000000E+01    0.4065040650E-02
    82    0.2350675510E+00    0.5309456496E+00    0.5726705133E+03    0.0000000000E+00    0.1900000000E+02   -0.1000000000E+01    0.5263157895E-01
    83    0.1387371721E+00    0.7023323829E+00    0.5404457062E+03    0.0000000000E+00    0.1230000000E+03   -0.1000000000E+01    0.8130081301E-02
    84    0.8391366990E-01    0.6772115918E+00    0.5425212476E+03    0.0000000000E+00    0.1130000000E+03   -0.1000000000E+01    0.8849557522E-02
    85    0.1795511177E+00    0.7275761335E+00    0.5274033958E+03    0.0000000000E+00    0.2260000000E+03   -0.1000000000E+01    0.4424778761E-02
    86    0.1553036523E+00    0.7445772830E+00    0.5239324128E+03    0.0000000000E+00    0.2580000000E+03   -0.1000000000E+01    0.3875968992E-02
    87    0.2798767328E-01    0.5333745402E+00    0.5198660799E+03    0.0000000000E+00    0.2980000000E+03   -0.1000000000E+01    0.3355704698E-02
    88    0.8101266568E-01    0.5506150553E+00    0.5059809705E+03    0.0000000000E+00    0.4620000000E+03   -0.1000000000E+01    0.2164502165E-02
    89    0.7104357957E-01    0.6600058550E+00    0.5428831214E+03    0.0000000000E+00    0.1090000000E+03   -0.1000000000E+01    0.9174311927E-02
    90    0.1482033250E+00    0.7173510434E+00    0.5445829599E+03    0.0000000000E+00    0.1010000000E+03   -0.1000000000E+01    0.9900990099E-02
    91    0.2421122870E+00    0.7549287610E+00    0.5469845357E+03    0.0000000000E+00    0.8200000000E+02   -0.1000000000E+01    0.1219512195E-01
    92    0.1706536890E+00    0.5476841324E+00    0.5185846079E+03    0.0000000000E+00    0.3240000000E+03   -0.1000000000E+01    0.3086419753E-02
    93    0.7654600774E-01    0.7077509797E+00    0.5267161878E+03    0.0000000000E+00    0.2330000000E+03   -0.1000000000E+01    0.4291845494E-02
    94    0.1461048343E+00    0.6717929951E+00    0.5340790419E+03    0.0000000000E+00    0.1680000000E+03   -0.1000000000E+01    0.5952380952E-02
    95    0.1272590893E+00    0.6933495691E+00    0.5649828589E+03    0.0000000000E+00    0.2900000000E+02   -0.1000000000E+01    0.3448275862E-01
    96    0.9539175270E-01    0.6861944056E+00    0.5537709207E+03    0.0000000000E+00    0.5700000000E+02   -0.1000000000E+01    0.1754385965E-01
    97    0.3492714081E+00    0.5297133667E+00    0.5197374972E+03    0.0000000000E+00    0.3000000000E+03   -0.1000000000E+01    0.3333333333E-02
    98    0.5159823895E+00    0.9445749239E-01    0.5062561857E+03    0.0000000000E+00    0.4590000000E+03   -0.1000000000E+01    0.2178649237E-02
    99    0.4126944639E+00    0.3116774110E+00    0.5181015236E+03    0.0000000000E+00    0.3290000000E+03   -0.1000000000E+01    0.3039513678E-02
   100    0.6965093202E-01    0.3559322429E+00    0.5191333840E+03    0.0000000000E+00    0.3110000000E+03   -0.1000000000E+01    0.3215434084E-02
   101    0.4001500695E-01    0.6997710584E+00    0.5653725239E+03    0.0000000000E+00    0.2700000000E+02   -0.1000000000E+01    0.3703703704E-01
   102    0.1050976336E+00    0.6611881646E+00    0.5160420497E+03    0.0000000000E+00    0.3560000000E+03   -0.1000000000E+01    0.2808988764E-02
   103    0.2080889805E+00    0.6152076473E+00    0.5398924853E+03    0.0000000000E+00    0.1240000000E+03   -0.1000000000E+01    0.8064516129E-02
   104    0.1421492421E+00    0.5312018107E+00    0.5106813043E+03    0.0000000000E+00    0.4160000000E+03   -0.1000000000E+01    0.2403846154E-02
   105    0.2100547342E+00    0.7210629513E+00    0.5168771509E+03    0.0000000000E+00    0.3400000000E+03   -0.1000000000E+01    0.2941176471E-02
   106    0.1223379478E+00    0.6552229703E+00    0.5332999398E+03    0.0000000000E+00    0.1790000000E+03   -0.1000000000E+01    0.5586592179E-02
   107    0.7319959121E+00    0.6928498710E+00    0.5035490981E+03    0.0000000000E+00    0.4800000000E+03   -0.1000000000E+01    0.2083333333E-02
   108    0.0000000000E+00    0.5641834558E+00    0.5150317030E+03    0.0000000000E+00    0.3670000000E+03   -0.1000000000E+01    0.2724795640E-02
   109    0.2476683744E+00    0.3442840970E+00    0.5000304466E+03    0.0000000000E+00    0.5060000000E+03   -0.1000000000E+01    0.1976284585E-02
   110    0.4313253204E+00    0.3832920366E+00    0.4841224136E+03    0.0000000000E+00    0.5510000000E+03   -0.1000000000E+01    0.1814882033E-02
   111    0.3784541093E+00    0.3510230743E+00    0.5071995039E+03    0.0000000000E+00    0.4420000000E+03   -0.1000000000E+01    0.2262443439E-02
   112    0.1937066585E+00    0.3165865796E+00    0.5021664696E+03    0.0000000000E+00    0.4910000000E+03   -0.1000000000E+01    0.2036659878E-02
   113    0.3720565222E+00    0.2484970325E+00    0.5043285581E+03    0.0000000000E+00    0.4730000000E+03   -0.1000000000E+01    0.2114164905E-02
   114    0.4074264164E+00    0.1742366470E+00    0.5318888280E+03    0.0000000000E+00    0.1870000000E+03   -0.1000000000E+01    0.5347593583E-02
   115    0.4946175183E+00    0.8835302007E-01    0.5101012059E+03    0.0000000000E+00    0.4190000000E+03   -0.1000000000E+01    0.2386634845E-02
   116    0.4969675399E+00    0.7176841074E-01    0.4957712288E+03    0.0000000000E+00    0.5290000000E+03   -0.1000000000E+01    0.1890359168E-02
   117    0.1942255363E+00    0.0000000000E+00    0.4972093218E+03    0.0000000000E+00    0.5210000000E+03   -0.1000000000E+01    0.1919385797E-02
   118    0.3779352315E+00    0.7990607412E+00   -0.1000000000E+11    0.1000000000E+02    0.5730000000E+03   -0.1000000000E+01    0.1745200698E-02
   119    0.6461146250E+00    0.8770374808E+00    0.5099252831E+03    0.0000000000E+00    0.4200000000E+03   -0.1000000000E+01    0.2380952381E-02
   120    0.0000000000E+00    0.0000000000E+00    0.5419350235E+03    0.7400687897E-02    0.5700000000E+03   -0.1000000000E+01    0.1754385965E-02
   121    0.2776948127E+00    0.5929937173E+00    0.5330365138E+03    0.0000000000E+00    0.1800000000E+03   -0.1000000000E+01    0.5555555556E-02
   122    0.2654582721E-01    0.6483622279E+00    0.5470629147E+03    0.0000000000E+00    0.8100000000E+02   -0.1000000000E+01    0.1234567901E-01
   123    0.1168003894E+00    0.6909699160E+00    0.5198115570E+03    0.0000000000E+00    0.2990000000E+03   -0.1000000000E+01    0.3344481605E-02
   124    0.8304079441E-01    0.6809193442E+00    0.5371162919E+03    0.0000000000E+00    0.1450000000E+03   -0.1000000000E+01    0.6896551724E-02
   125    0.2786191703E+00    0.3038064043E+00    0.5146415982E+03    0.0000000000E+00    0.3730000000E+03   -0.1000000000E+01    0.2680965147E-02
   126    0.2762245357E+00    0.5390728174E+00    0.5175778738E+03    0.0000000000E+00    0.3360000000E+03   -0.1000000000E+01    0.2976190476E-02
   127    0.1022769655E+00    0.5905308382E+00    0.5074614809E+03    0.0000000000E+00    0.4400000000E+03   -0.1000000000E+01    0.2272727273E-02
   128    0.2788111994E+00    0.6508251071E+00    0.5553935969E+03    0.0000000000E+00    0.5400000000E+02   -0.1000000000E+01    0.1851851852E-01
   129    0.4536628053E+00    0.1057288842E+00    0.5183105945E+03    0.0000000000E+00    0.3270000000E+03   -0.1000000000E+01    0.3058103976E-02
   130    0.1730388611E+00    0.5876206849E+00    0.5152704775E+03    0.0000000000E+00    0.3630000000E+03   -0.1000000000E+01    0.2754820937E-02
   131    0.3113389559E+00    0.8735337118E+00    0.5074794746E+03    0.0000000000E+00    0.4390000000E+03   -0.1000000000E+01    0.2277904328E-02
   132    0.2281186281E+00    0.0000000000E+00    0.5167129567E+03    0.0000000000E+00    0.3430000000E+03   -0.1000000000E+01    0.2915451895E-02
   133    0.8175107039E-01    0.1479810076E+00    0.5374459993E+03    0.1855102303E-02    0.5640000000E+03   -0.1000000000E+01    0.1773049645E-02
   134    0.6249096846E+00    0.5453685616E+00    0.5207194899E+03    0.0000000000E+00    0.2890000000E+03   -0.1000000000E+01    0.3460207612E-02
   135    0.3338799035E+00    0.6406586740E+00    0.5080503397E+03    0.0000000000E+00    0.4340000000E+03   -0.1000000000E+01    0.2304147465E-02
   136    0.9193751229E-01    0.5968056723E+00    0.5195079681E+03    0.0000000000E+00    0.3020000000E+03   -0.1000000000E+01    0.3311258278E-02
   137    0.1032326560E+00    0.7824014812E-01    0.5612211292E+03    0.1276982130E-02    0.5620000000E+03   -0.1000000000E+01    0.1779359431E-02
   138    0.6312774721E+00    0.4527055015E+00    0.5001459438E+03    0.0000000000E+00    0.5040000000E+03   -0.1000000000E+01    0.1984126984E-02
   139    0.1364116287E-01    0.6416472127E+00    0.5353060695E+03    0.0000000000E+00    0.1560000000E+03   -0.1000000000E+01    0.6410256410E-02
   140    0.5431467113E+00    0.5472755214E+00    0.5296833422E+03    0.0000000000E+00    0.2050000000E+03   -0.1000000000E+01    0.4878048780E-02
   141    0.1604233192E+00    0.7008947672E+00    0.5621737116E+03    0.0000000000E+00    0.3200000000E+02   -0.1000000000E+01    0.3125000000E-01
   142    0.8168896774E-01    0.5403399390E-01    0.5238906357E+03    0.1172456907E-02    0.5600000000E+03   -0.1000000000E+01    0.1785714286E-02
   143    0.2913265363E+00    0.4897021078E+00    0.5069730075E+03    0.0000000000E+00    0.4430000000E+03   -0.1000000000E+01    0.2257336343E-02
   144    0.2237813762E+00    0.5416586131E+00    0.5386520242E+03    0.0000000000E+00    0.1330000000E+03   -0.1000000000E+01    0.7518796992E-02
   145    0.2163946181E+00    0.0000000000E+00    0.5576728569E+03    0.0000000000E+00    0.4300000000E+02   -0.1000000000E+01    0.2325581395E-01
   146    0.3985592706E+00    0.7543772992E+00    0.5187121759E+03    0.0000000000E+00    0.3210000000E+03   -0.1000000000E+01    0.3115264798E-02
   147    0.2604060666E+00    0.7274376866E+00    0.5526231473E+03    0.0000000000E+00    0.6200000000E+02   -0.1000000000E+01    0.1612903226E-01
   148    0.1777120653E+00    0.5664507978E+00    0.5263864856E+03    0.0000000000E+00    0.2340000000E+03   -0.1000000000E+01    0.4273504274E-02
   149    0.0000000000E+00    0.7364649951E+00    0.5564978399E+03    0.0000000000E+00    0.4700000000E+02   -0.1000000000E+01    0.2127659574E-01
   150    0.6311691015E+00    0.0000000000E+00    0.5446582279E+03    0.0000000000E+00    0.1000000000E+03   -0.1000000000E+01    0.1000000000E-01
   151    0.1726898855E+00    0.0000000000E+00    0.5138871238E+03    0.0000000000E+00    0.3820000000E+03   -0.1000000000E+01    0.2617801047E-02
   152    0.3667676985E+00    0.9664948431E+00   -0.1000000000E+11    0.1000000000E+02    0.5730000000E+03   -0.1000000000E+01    0.1745200698E-02
   153    0.5907788155E+00    0.0000000000E+00    0.5144320913E+03    0.0000000000E+00    0.3760000000E+03   -0.1000000000E+01    0.2659574468E-02
   154    0.1874749610E+00    0.9696621977E+00    0.5088463358E+03    0.0000000000E+00    0.4290000000E+03   -0.1000000000E+01    0.2331002331E-02
   155    0.2109515164E+00    0.1767122763E+00    0.5193637339E+03    0.0000000000E+00    0.3050000000E+03   -0.1000000000E+01    0.3278688525E-02
   156    0.4489143799E+00    0.5835561047E+00    0.5273775643E+03    0.0000000000E+00    0.2270000000E+03   -0.1000000000E+01    0.4405286344E-02
   157    0.1116134495E+00    0.6109573055E+00    0.5180802932E+03    0.0000000000E+00    0.3300000000E+03   -0.1000000000E+01    0.3030303030E-02
   158    0.1356334262E+00    0.6731454166E+00    0.5185882017E+03    0.0000000000E+00    0.3230000000E+03   -0.1000000000E+01    0.3095975232E-02
   159    0.7358209000E+00    0.5560511180E+00    0.5147737029E+03    0.0000000000E+00    0.3710000000E+03   -0.1000000000E+01    0.2695417790E-02
   160    0.1667835973E+00    0.5823111609E+00    0.5146513781E+03    0.0000000000E+00    0.3720000000E+03   -0.1000000000E+01    0.2688172043E-02
   161    0.8222773651E+00    0.9537808393E-01    0.5314392485E+03    0.0000000000E+00    0.1900000000E+03   -0.1000000000E+01    0.5263157895E-02
   162    0.8350129479E+00    0.0000000000E+00   -0.1000000000E+11    0.1000000000E+02    0.5730000000E+03   -0.1000000000E+01    0.1745200698E-02
   163    0.2743571751E+00    0.5735930230E+00    0.5395592586E+03    0.0000000000E+00    0.1280000000E+03   -0.1000000000E+01    0.7812500000E-02
   164    0.2195036295E+00    0.5617942212E+00    0.5279990119E+03    0.0000000000E+00    0.2200000000E+03   -0.1000000000E+01    0.4545454545E-02
   165    0.5129798522E+00    0.2340542315E+00    0.5118569866E+03    0.0000000000E+00    0.4060000000E+03   -0.1000000000E+01    0.2463054187E-02
   166    0.2647773178E-01    0.4657168269E+00    0.5162305831E+03    0.0000000000E+00    0.3510000000E+03   -0.1000000000E+01    0.2849002849E-02
   167    0.2737227116E+00    0.6472995297E+00    0.5287651722E+03    0.0000000000E+00    0.2150000000E+03   -0.1000000000E+01    0.4651162791E-02
   168    0.3163431498E-01    0.6518878053E+00    0.5227373633E+03    0.0000000000E+00    0.2680000000E+03   -0.1000000000E+01    0.3731343284E-02
   169    0.1783224581E+00    0.2805160610E+00    0.5457365343E+03    0.0000000000E+00    0.9300000000E+02   -0.1000000000E+01    0.1075268817E-01
   170    0.1866963803E+00    0.4203787061E+00    0.5614407953E+03    0.0000000000E+00    0.3400000000E+02   -0.1000000000E+01    0.2941176471E-01
   171    0.2786037865E+00    0.5900971784E+00    0.5305702620E+03    0.0000000000E+00    0.1980000000E+03   -0.1000000000E+01    0.5050505051E-02
   172    0.2745645879E+00    0.6343209517E+00    0.4958652424E+03    0.0000000000E+00    0.5280000000E+03   -0.1000000000E+01    0.1893939394E-02
   173    0.5589687010E-01    0.6771924853E+00    0.5570632930E+03    0.0000000000E+00    0.4500000000E+02   -0.1000000000E+01    0.2222222222E-01
   174    0.8690932202E-01    0.6876273679E+00    0.5397477337E+03    0.0000000000E+00    0.1270000000E+03   -0.1000000000E+01    0.7874015748E-02
   175    0.8669005649E+00    0.0000000000E+00   -0.1000000000E+11    0.1000000000E+02    0.5730000000E+03   -0.1000000000E+01    0.1745200698E-02
   176    0.8672308711E+00    0.0000000000E+00   -0.1000000000E+11    0.1000000000E+02    0.5730000000E+03   -0.1000000000E+01    0.1745200698E-02
   177    0.1139978583E+00    0.1000000000E+01    0.5067278330E+03    0.0000000000E+00    0.4480000000E+03   -0.1000000000E+01    0.2232142857E-02
   178    0.3854447188E+00    0.0000000000E+00    0.5256919204E+03    0.0000000000E+00    0.2450000000E+03   -0.1000000000E+01    0.4081632653E-02
   179    0.1949342356E+00    0.6886867638E+00    0.5282681254E+03    0.0000000000E+00    0.2190000000E+03   -0.1000000000E+01    0.4566210046E-02
   180    0.5117518460E-01    0.6931273476E+00    0.5448942834E+03    0.0000000000E+00    0.9800000000E+02   -0.1000000000E+01    0.1020408163E-01
   181    0.2008183192E+00    0.8891172630E+00    0.5194918078E+03    0.0000000000E+00    0.3030000000E+03   -0.1000000000E+01    0.3300330033E-02
   182    0.5268074407E+00    0.0000000000E+00    0.4946478954E+03    0.0000000000E+00    0.5320000000E+03   -0.1000000000E+01    0.1879699248E-02
   183    0.2332081095E+00    0.4016312233E+00    0.5125078434E+03    0.0000000000E+00    0.3970000000E+03   -0.1000000000E+01    0.2518891688E-02
   184    0.4266577868E+00    0.2992635439E+00    0.5126281807E+03    0.0000000000E+00    0.3960000000E+03   -0.1000000000E+01    0.2525252525E-02
   185    0.1587431709E+00    0.3114494978E+00    0.5259531928E+03    0.0000000000E+00    0.2430000000E+03   -0.1000000000E+01    0.4115226337E-02
   186    0.5011227254E+00    0.2986027806E+00    0.5139366279E+03    0.0000000000E+00    0.3810000000E+03   -0.1000000000E+01    0.2624671916E-02
   187    0.0000000000E+00    0.7959843813E+00    0.5410700922E+03    0.0000000000E+00    0.1210000000E+03   -0.1000000000E+01    0.8264462810E-02
   188    0.7073911581E+00    0.0000000000E+00    0.5466924528E+03    0.0000000000E+00    0.8400000000E+02   -0.1000000000E+01    0.1190476190E-01
   189    0.0000000000E+00    0.9064451276E+00   -0.1000000000E+11    0.1000000000E+02    0.5730000000E+03   -0.1000000000E+01    0.1745200698E-02
   190    0.5733816726E+00    0.8576280446E-01    0.5041871378E+03    0.0000000000E+00    0.4760000000E+03   -0.1000000000E+01    0.2100840336E-02
   191    0.4265019450E+00    0.0000000000E+00    0.5180249289E+03    0.0000000000E+00    0.3310000000E+03   -0.1000000000E+01    0.3021148036E-02
   192    0.2333639513E+00    0.1000000000E+01    0.4927993725E+03    0.0000000000E+00    0.5360000000E+03   -0.1000000000E+01    0.1865671642E-02
   193    0.9456828459E-01    0.4151565431E+00    0.5269457872E+03    0.0000000000E+00    0.2290000000E+03   -0.1000000000E+01    0.4366812227E-02
   194    0.2936469035E+00    0.7326598497E+00   -0.1000000000E+11    0.1000000000E+02    0.5730000000E+03   -0.1000000000E+01    0.1745200698E-02
   195    0.2005226409E+00    0.5768577976E+00    0.5190605518E+03    0.0000000000E+00    0.3140000000E+03   -0.1000000000E+01    0.3184713376E-02
   196    0.4207060949E-01    0.5207133938E+00    0.4958800775E+03    0.0000000000E+00    0.5270000000E+03   -0.1000000000E+01    0.1897533207E-02
   197    0.4106987609E+00    0.0000000000E+00    0.5113799686E+03    0.0000000000E+00    0.4110000000E+03   -0.1000000000E+01    0.2433090024E-02
   198    0.5130870153E+00    0.3278571679E-01    0.4802796829E+03    0.0000000000E+00    0.5560000000E+03   -0.1000000000E+01    0.1798561151E-02
   199    0.4362686442E-01    0.0000000000E+00    0.5419592294E+03    0.1023469938E-01    0.5720000000E+03   -0.1000000000E+01    0.1748251748E-02
   200    0.8039368552E+00    0.0000000000E+00   -0.1000000000E+11    0.1000000000E+02    0.5730000000E+03   -0.1000000000E+01    0.1745200698E-02
   201    0.4520427616E+00    0.0000000000E+00    0.4992755371E+03    0.0000000000E+00    0.5100000000E+03   -0.1000000000E+01    0.1960784314E-02
   202    0.1032966856E+00    0.7792589105E+00    0.5304015606E+03    0.0000000000E+00    0.2010000000E+03   -0.1000000000E+01    0.4975124378E-02
   203    0.7374066618E+00    0.0000000000E+00   -0.1000000000E+11    0.1000000000E+02    0.5730000000E+03   -0.1000000000E+01    0.1745200698E-02
   204    0.8429638138E+00    0.0000000000E+00    0.5275426479E+03    0.0000000000E+00    0.2250000000E+03   -0.1000000000E+01    0.4444444444E-02
   205    0.4779283739E+00    0.3516448300E-03    0.4903989186E+03    0.0000000000E+00    0.5410000000E+03   -0.1000000000E+01    0.1848428835E-02
   206    0.3863595654E+00    0.3137897649E+00    0.5111346021E+03    0.0000000000E+00    0.4140000000E+03   -0.1000000000E+01    0.2415458937E-02
   207    0.5323544887E+00    0.6136219723E+00    0.5312179714E+03    0.0000000000E+00    0.1930000000E+03   -0.1000000000E+01    0.5181347150E-02
   208    0.1537844686E+00    0.0000000000E+00    0.5213275364E+03    0.1035347272E-02    0.5590000000E+03   -0.1000000000E+01    0.1788908766E-02
   209    0.2697621736E+00    0.6884095739E+00    0.5334507576E+03    0.0000000000E+00    0.1770000000E+03   -0.1000000000E+01    0.5649717514E-02
   210    0.2650010681E+00    0.6126211358E+00    0.5292346292E+03    0.0000000000E+00    0.2110000000E+03   -0.1000000000E+01    0.4739336493E-02
   211    0.6861449104E+00    0.5491757215E+00    0.5097009104E+03    0.0000000000E+00    0.4220000000E+03   -0.1000000000E+01    0.2369668246E-02
   212    0.2079426279E+00    0.0000000000E+00    0.5335395464E+03    0.0000000000E+00    0.1750000000E+03   -0.1000000000E+01    0.5714285714E-02
   213    0.8342358467E-01    0.3288423982E+00    0.5019200086E+03    0.0000000000E+00    0.4940000000E+03   -0.1000000000E+01    0.2024291498E-02
   214    0.4160189924E+00    0.4076225969E+00    0.4840315041E+03    0.0000000000E+00    0.5520000000E+03   -0.1000000000E+01    0.1811594203E-02
   215    0.1958385961E+00    0.4223294764E+00    0.5023893332E+03    0.0000000000E+00    0.4900000000E+03   -0.1000000000E+01    0.2040816327E-02
   216    0.2694615707E+00    0.5881464082E+00    0.5428393736E+03    0.0000000000E+00    0.1110000000E+03   -0.1000000000E+01    0.9009009009E-02
   217    0.3112346002E-01    0.7441787574E+00   -0.1000000000E+11    0.1000000000E+02    0.5730000000E+03   -0.1000000000E+01    0.1745200698E-02
   218    0.2114697903E+00    0.3499523367E+00    0.5498147166E+03    0.0000000000E+00    0.7400000000E+02   -0.1000000000E+01    0.1351351351E-01
   219    0.2640884564E+00    0.8196992344E+00   -0.1000000000E+11    0.1000000000E+02    0.5730000000E+03   -0.1000000000E+01    0.1745200698E-02
   220    0.2061914336E+00    0.7386107376E+00    0.5379086037E+03    0.0000000000E+00    0.1430000000E+03   -0.1000000000E+01    0.6993006993E-02
   221    0.5598895377E-02    0.0000000000E+00    0.5328528488E+03    0.9759113443E-02    0.5710000000E+03   -0.1000000000E+01    0.1751313485E-02
   222    0.6227358719E+00    0.5120116151E+00    0.5305711738E+03    0.0000000000E+00    0.1970000000E+03   -0.1000000000E+01    0.5076142132E-02
   223    0.0000000000E+00    0.2098898087E+00    0.4973441540E+03    0.1194527730E-02    0.5610000000E+03   -0.1000000000E+01    0.1782531194E-02
   224    0.1000000000E+01    0.4673026767E+00    0.5027727736E+03    0.0000000000E+00    0.4850000000E+03   -0.1000000000E+01    0.2061855670E-02
   225    0.4056519674E+00    0.3450387589E+00    0.5081305151E+03    0.0000000000E+00    0.4330000000E+03   -0.1000000000E+01    0.2309468822E-02
   226    0.2804869899E+00    0.7533994722E-01    0.5119941524E+03    0.0000000000E+00    0.4040000000E+03   -0.1000000000E+01    0.2475247525E-02
   227    0.0000000000E+00    0.6856148004E+00    0.5560191337E+03    0.0000000000E+00    0.5000000000E+02   -0.1000000000E+01    0.2000000000E-01
   228    0.1016636798E+00    0.3414838309E+00    0.5188607933E+03    0.0000000000E+00    0.3160000000E+03   -0.1000000000E+01    0.3164556962E-02
   229    0.1951130305E+00    0.3109596876E+00    0.4815867330E+03    0.0000000000E+00    0.5550000000E+03   -0.1000000000E+01    0.1801801802E-02
   230    0.1608991142E+00    0.4286374131E+00    0.5049079143E+03    0.0000000000E+00    0.4700000000E+03   -0.1000000000E+01    0.2127659574E-02
   231    0.1510876911E+00    0.6774862834E+00    0.5222650524E+03    0.0000000000E+00    0.2740000000E+03   -0.1000000000E+01    0.3649635036E-02
   232    0.9150555926E-01    0.4200849080E+00    0.5349499062E+03    0.0000000000E+00    0.1580000000E+03   -0.1000000000E+01    0.6329113924E-02
   233    0.2081666572E+00    0.4921800308E+00    0.5112329636E+03    0.0000000000E+00    0.4120000000E+03   -0.1000000000E+01    0.2427184466E-02
   234    0.0000000000E+00    0.5843204115E+00    0.5195424412E+03    0.0000000000E+00    0.3010000000E+03   -0.1000000000E+01    0.3322259136E-02
   235    0.6469195271E+00    0.2044445350E+00    0.5303120677E+03    0.0000000000E+00    0.2020000000E+03   -0.1000000000E+01    0.4950495050E-02
   236    0.3084550809E-01    0.7607152601E-01    0.5671778316E+03    0.3889753388E-02    0.5660000000E+03   -0.1000000000E+01    0.1766784452E-02
   237    0.6747608559E+00    0.0000000000E+00    0.5550907984E+03    0.0000000000E+00    0.5500000000E+02   -0.1000000000E+01    0.1818181818E-01
   238    0.9312048204E+00    0.0000000000E+00    0.4831700154E+03    0.0000000000E+00    0.5540000000E+03   -0.1000000000E+01    0.1805054152E-02
   239    0.1073681992E+00    0.1000000000E+01    0.5067292800E+03    0.0000000000E+00    0.4470000000E+03   -0.1000000000E+01    0.2237136465E-02
   240    0.2038711144E+00    0.0000000000E+00    0.5134386649E+03    0.0000000000E+00    0.3880000000E+03   -0.1000000000E+01    0.2577319588E-02
   241    0.1917055884E+00    0.6853387854E+00    0.5650366439E+03    0.0000000000E+00    0.2800000000E+02   -0.1000000000E+01    0.3571428571E-01
   242    0.2842480187E+00    0.7416815260E+00    0.5346884309E+03    0.0000000000E+00    0.1610000000E+03   -0.1000000000E+01    0.6211180124E-02
   243    0.1216798480E-01    0.5833538846E+00    0.5418645096E+03    0.0000000000E+00    0.1170000000E+03   -0.1000000000E+01    0.8547008547E-02
   244    0.7933757446E-01    0.5223458238E+00    0.5422964028E+03    0.0000000000E+00    0.1140000000E+03   -0.1000000000E+01    0.8771929825E-02
   245    0.4047265402E+00    0.8126034051E+00    0.5078065091E+03    0.0000000000E+00    0.4360000000E+03   -0.1000000000E+01    0.2293577982E-02
   246    0.9471603683E-01    0.0000000000E+00    0.5354087805E+03    0.4458529263E-02    0.5670000000E+03   -0.1000000000E+01    0.1763668430E-02
   247    0.4222098635E+00    0.4205140077E+00    0.5060110938E+03    0.0000000000E+00    0.4600000000E+03   -0.1000000000E+01    0.2173913043E-02
   248    0.2887025039E+00    0.2696136664E-01    0.5484001577E+03    0.0000000000E+00    0.7800000000E+02   -0.1000000000E+01    0.1282051282E-01
   249    0.8643942205E+00    0.0000000000E+00    0.5228302891E+03    0.0000000000E+00    0.2660000000E+03   -0.1000000000E+01    0.3759398496E-02
   250    0.8093692382E+00    0.0000000000E+00    0.5215570167E+03    0.0000000000E+00    0.2820000000E+03   -0.1000000000E+01    0.3546099291E-02
   251    0.3736245421E+00    0.0000000000E+00    0.5135808759E+03    0.0000000000E+00    0.3870000000E+03   -0.1000000000E+01    0.2583979328E-02
   252    0.9433993284E+00    0.3789182397E-01    0.4873214992E+03    0.0000000000E+00    0.5500000000E+03   -0.1000000000E+01    0.1818181818E-02
   253    0.0000000000E+00    0.6538739417E+00    0.5394511974E+03    0.0000000000E+00    0.1300000000E+03   -0.1000000000E+01    0.7692307692E-02
   254    0.5156441209E+00    0.3174085867E-01    0.5094840205E+03    0.0000000000E+00    0.4260000000E+03   -0.1000000000E+01    0.2347417840E-02
   255    0.1160634427E+00    0.3913393585E+00    0.5238534157E+03    0.0000000000E+00    0.2600000000E+03   -0.1000000000E+01    0.3846153846E-02
   256    0.1211201973E+00    0.4403337229E+00    0.5612361993E+03    0.0000000000E+00    0.3500000000E+02   -0.1000000000E+01    0.2857142857E-01
   257    0.1873920704E-01    0.3196822761E+00    0.5268890515E+03    0.0000000000E+00    0.2310000000E+03   -0.1000000000E+01    0.4329004329E-02
   258    0.8847710574E+00    0.9547426696E-01    0.5046298507E+03    0.0000000000E+00    0.4720000000E+03   -0.1000000000E+01    0.2118644068E-02
   259    0.3448691679E+00    0.0000000000E+00    0.5385918137E+03    0.0000000000E+00    0.1340000000E+03   -0.1000000000E+01    0.7462686567E-02
   260    0.3298916880E+00    0.6912637233E+00    0.5184256771E+03    0.0000000000E+00    0.3250000000E+03   -0.1000000000E+01    0.3076923077E-02
   261    0.1689624074E+00    0.0000000000E+00    0.5171757964E+03    0.0000000000E+00    0.3380000000E+03   -0.1000000000E+01    0.2958579882E-02
   262    0.4144236275E+00    0.8446929908E+00   -0.1000000000E+11    0.1000000000E+02    0.5730000000E+03   -0.1000000000E+01    0.1745200698E-02
   263    0.3386874858E+00    0.3393320590E+00    0.4775059426E+03    0.0000000000E+00    0.5570000000E+03   -0.1000000000E+01    0.1795332136E-02
   264    0.6279444145E+00    0.2851836097E+00    0.5063792812E+03    0.0000000000E+00    0.4570000000E+03   -0.1000000000E+01    0.2188183807E-02
   265    0.1846797376E+00    0.5523670905E+00    0.5191932393E+03    0.0000000000E+00    0.3090000000E+03   -0.1000000000E+01    0.3236245955E-02
   266    0.2184956412E+00    0.5756725381E+00    0.5194671914E+03    0.0000000000E+00    0.3040000000E+03   -0.1000000000E+01    0.3289473684E-02
   267    0.1785379907E+00    0.0000000000E+00    0.5049115735E+03    0.0000000000E+00    0.4690000000E+03   -0.1000000000E+01    0.2132196162E-02
   268    0.4420247836E+00    0.4833352738E+00    0.5005067167E+03    0.0000000000E+00    0.5020000000E+03   -0.1000000000E+01    0.1992031873E-02
   269    0.6624259035E+00    0.1004763040E+00    0.5065591664E+03    0.0000000000E+00    0.4520000000E+03   -0.1000000000E+01    0.2212389381E-02
   270    0.4811626320E+00    0.1387830460E+00    0.4998123651E+03    0.0000000000E+00    0.5070000000E+03   -0.1000000000E+01    0.1972386588E-02
   271    0.1763758737E+00    0.6823117294E+00    0.5247123851E+03    0.0000000000E+00    0.2540000000E+03   -0.1000000000E+01    0.3937007874E-02
   272    0.1664174059E+00    0.6805133395E+00    0.5532106336E+03    0.0000000000E+00    0.6100000000E+02   -0.1000000000E+01    0.1639344262E-01
   273    0.8108419368E+00    0.5601548947E+00    0.5178596465E+03    0.0000000000E+00    0.3330000000E+03   -0.1000000000E+01    0.3003003003E-02
   274    0.6762881556E+00    0.0000000000E+00    0.5465831165E+03    0.0000000000E+00    0.8700000000E+02   -0.1000000000E+01    0.1149425287E-01
   275    0.2246661331E+00    0.0000000000E+00    0.5188555806E+03    0.0000000000E+00    0.3170000000E+03   -0.1000000000E+01    0.3154574132E-02
   276    0.4664820324E+00    0.8825741204E+00    0.5168241964E+03    0.0000000000E+00    0.3410000000E+03   -0.1000000000E+01    0.2932551320E-02
   277    0.1954119571E+00    0.6818518516E+00    0.5335770370E+03    0.0000000000E+00    0.1740000000E+03   -0.1000000000E+01    0.5747126437E-02
   278    0.2024850649E+00    0.7420976714E+00    0.5510578885E+03    0.0000000000E+00    0.6900000000E+02   -0.1000000000E+01    0.1449275362E-01
   279    0.4030385187E+00    0.1187213768E-01    0.4975316479E+03    0.0000000000E+00    0.5190000000E+03   -0.1000000000E+01    0.1926782274E-02
   280    0.4862301444E+00    0.1986872099E-01    0.4990646122E+03    0.0000000000E+00    0.5120000000E+03   -0.1000000000E+01    0.1953125000E-02
   281    0.3000954056E+00    0.4230170753E+00    0.5021133430E+03    0.0000000000E+00    0.4920000000E+03   -0.1000000000E+01    0.2032520325E-02
   282    0.6114572342E+00    0.1851161827E+00    0.4972542961E+03    0.0000000000E+00    0.5200000000E+03   -0.1000000000E+01    0.1923076923E-02
   283    0.4390138436E+00    0.2520881107E+00    0.5077106121E+03    0.0000000000E+00    0.4370000000E+03   -0.1000000000E+01    0.2288329519E-02
   284    0.1948307742E+00    0.4034105798E+00    0.4918176994E+03    0.0000000000E+00    0.5370000000E+03   -0.1000000000E+01    0.1862197393E-02
   285    0.1724594339E+00    0.9047777457E+00   -0.1000000000E+11    0.1000000000E+02    0.5730000000E+03   -0.1000000000E+01    0.1745200698E-02
   286    0.1475906646E+00    0.0000000000E+00    0.5276533767E+03    0.0000000000E+00    0.2230000000E+03   -0.1000000000E+01    0.4484304933E-02
   287    0.1340502555E+00    0.9739830971E-01    0.5258693108E+03    0.0000000000E+00    0.2440000000E+03   -0.1000000000E+01    0.4098360656E-02
   288    0.7324161888E+00    0.5879404757E+00   -0.1000000000E+11    0.1000000000E+02    0.5730000000E+03   -0.1000000000E+01    0.1745200698E-02
   289    0.6214400616E+00    0.6103700367E+00    0.5190749862E+03    0.0000000000E+00    0.3130000000E+03   -0.1000000000E+01    0.3194888179E-02
   290    0.7983003715E-01    0.7496874876E-01    0.5338993249E+03    0.0000000000E+00    0.1690000000E+03   -0.1000000000E+01    0.5917159763E-02
   291    0.1036554370E+00    0.4183128752E+00    0.5270059345E+03    0.0000000000E+00    0.2280000000E+03   -0.1000000000E+01    0.4385964912E-02
   292    0.1838821662E+00    0.7025341872E+00    0.5610706657E+03    0.0000000000E+00    0.3600000000E+02   -0.1000000000E+01    0.2777777778E-01
   293    0.5195450106E+00    0.5055794803E+00    0.5058396762E+03    0.0000000000E+00    0.4630000000E+03   -0.1000000000E+01    0.2159827214E-02
   294    0.1716031549E+00    0.1797593051E+00    0.5395157311E+03    0.0000000000E+00    0.1290000000E+03   -0.1000000000E+01    0.7751937984E-02
   295    0.3130440929E+00    0.1574987294E-01    0.5864745261E+03    0.0000000000E+00    0.9000000000E+01   -0.1000000000E+01    0.1111111111E+00
   296    0.1673639994E+00    0.6965502791E+00    0.5410737839E+03    0.0000000000E+00    0.1200000000E+03   -0.1000000000E+01    0.8333333333E-02
   297    0.5158114437E+00    0.3360241603E+00    0.5097524152E+03    0.0000000000E+00    0.4210000000E+03   -0.1000000000E+01    0.2375296912E-02
   298    0.1683108710E+00    0.2163429303E+00    0.5224375404E+03    0.0000000000E+00    0.2720000000E+03   -0.1000000000E+01    0.3676470588E-02
   299    0.3836908970E-01    0.4705902796E+00    0.5276424403E+03    0.0000000000E+00    0.2240000000E+03   -0.1000000000E+01    0.4464285714E-02
   300    0.2073858907E+00    0.7322688837E+00    0.5532272487E+03    0.0000000000E+00    0.6000000000E+02   -0.1000000000E+01    0.1666666667E-01
   301    0.0000000000E+00    0.2885131210E+00    0.5156902511E+03    0.0000000000E+00    0.3600000000E+03   -0.1000000000E+01    0.2777777778E-02
   302    0.9186340140E+00    0.3116915517E-01    0.5127271969E+03    0.0000000000E+00    0.3950000000E+03   -0.1000000000E+01    0.2531645570E-02
   303    0.0000000000E+00    0.1000000000E+01    0.5067410788E+03    0.0000000000E+00    0.4440000000E+03   -0.1000000000E+01    0.2252252252E-02
   304    0.0000000000E+00    0.1000000000E+01    0.5067410788E+03    0.0000000000E+00    0.4440000000E+03   -0.1000000000E+01    0.2252252252E-02
   305    0.3530159135E+00    0.7171761856E+00    0.5286201903E+03    0.0000000000E+00    0.2170000000E+03   -0.1000000000E+01    0.4608294931E-02
   306    0.3381322520E+00    0.3193859577E-01    0.5155201825E+03    0.0000000000E+00    0.3610000000E+03   -0.1000000000E+01    0.2770083102E-02
   307    0.2488051102E+00    0.4742898508E+00    0.5169683353E+03    0.0000000000E+00    0.3390000000E+03   -0.1000000000E+01    0.2949852507E-02
   308    0.3242557171E+00    0.4671841544E+00    0.5290535556E+03    0.0000000000E+00    0.2140000000E+03   -0.1000000000E+01    0.4672897196E-02
   309    0.2131113475E+00    0.0000000000E+00    0.5262221789E+03    0.0000000000E+00    0.2380000000E+03   -0.1000000000E+01    0.4201680672E-02
   310    0.2672967448E+00    0.8311236413E+00    0.5162077157E+03    0.0000000000E+00    0.3520000000E+03   -0.1000000000E+01    0.2840909091E-02
   311    0.2730542321E+00    0.5614184210E+00    0.5199359756E+03    0.0000000000E+00    0.2960000000E+03   -0.1000000000E+01    0.3378378378E-02
   312    0.4288734099E+00    0.1806792504E+00    0.5163468702E+03    0.0000000000E+00    0.3490000000E+03   -0.1000000000E+01    0.2865329513E-02
   313    0.1814255190E+00    0.0000000000E+00    0.5679043214E+03    0.0000000000E+00    0.2300000000E+02   -0.1000000000E+01    0.4347826087E-01
   314    0.1809946379E+00    0.8614931057E+00   -0.1000000000E+11    0.1000000000E+02    0.5730000000E+03   -0.1000000000E+01    0.1745200698E-02
   315    0.3297117814E+00    0.5447937831E+00    0.5251370947E+03    0.0000000000E+00    0.2500000000E+03   -0.1000000000E+01    0.4000000000E-02
   316    0.1683835274E+00    0.6189406505E+00    0.5165296567E+03    0.0000000000E+00    0.3450000000E+03   -0.1000000000E+01    0.2898550725E-02
   317    0.1250045054E+00    0.0000000000E+00    0.5451714794E+03    0.0000000000E+00    0.9600000000E+02   -0.1000000000E+01    0.1041666667E-01
   318    0.5991042048E+00    0.0000000000E+00    0.5192445490E+03    0.0000000000E+00    0.3070000000E+03   -0.1000000000E+01    0.3257328990E-02
   319    0.6198558580E+00    0.0000000000E+00    0.5236305913E+03    0.0000000000E+00    0.2630000000E+03   -0.1000000000E+01    0.3802281369E-02
   320    0.7198204168E+00    0.6044587012E+00    0.5269197782E+03    0.0000000000E+00    0.2300000000E+03   -0.1000000000E+01    0.4347826087E-02
   321    0.4532372911E+00    0.5870480195E-02    0.4878247352E+03    0.0000000000E+00    0.5480000000E+03   -0.1000000000E+01    0.1824817518E-02
   322    0.3592493788E+00    0.9879392741E-02    0.5291173479E+03    0.0000000000E+00    0.2130000000E+03   -0.1000000000E+01    0.4694835681E-02
   323    0.2150502478E+00    0.5313209722E+00    0.5461906911E+03    0.0000000000E+00    0.9000000000E+02   -0.1000000000E+01    0.1111111111E-01
   324    0.0000000000E+00    0.6863458481E+00    0.5236360002E+03    0.0000000000E+00    0.2620000000E+03   -0.1000000000E+01    0.3816793893E-02
   325    0.4868515032E+00    0.2738337527E+00    0.5276587378E+03    0.0000000000E+00    0.2220000000E+03   -0.1000000000E+01    0.4504504505E-02
   326    0.4717073509E+00    0.4838338383E+00    0.5038629638E+03    0.0000000000E+00    0.4790000000E+03   -0.1000000000E+01    0.2087682672E-02
   327    0.3413068780E+00    0.7881350408E-01    0.6067387588E+03    0.0000000000E+00    0.5000000000E+01   -0.1000000000E+01    0.2000000000E+00
   328    0.3210810911E+00    0.4203092461E+00    0.5570751162E+03    0.0000000000E+00    0.4400000000E+02   -0.1000000000E+01    0.2272727273E-01
   329    0.5970764303E+00    0.6982976919E+00   -0.1000000000E+11    0.1000000000E+02    0.5730000000E+03   -0.1000000000E+01    0.1745200698E-02
   330    0.2630938915E+00    0.4236495302E-02    0.5383426298E+03    0.0000000000E+00    0.1380000000E+03   -0.1000000000E+01    0.7246376812E-02
   331    0.3060431029E+00    0.4033557154E+00    0.5295983858E+03    0.0000000000E+00    0.2070000000E+03   -0.1000000000E+01    0.4830917874E-02
   332    0.1218680512E+00    0.4261630239E+00    0.5123556445E+03    0.0000000000E+00    0.4000000000E+03   -0.1000000000E+01    0.2500000000E-02
   333    0.1886864757E+00    0.4509564358E+00    0.5117658192E+03    0.0000000000E+00    0.4080000000E+03   -0.1000000000E+01    0.2450980392E-02
   334    0.5181419920E+00    0.2813124479E+00    0.5686751895E+03    0.0000000000E+00    0.2200000000E+02   -0.1000000000E+01    0.4545454545E-01
   335    0.3314770963E+00    0.9038775551E+00    0.5161430551E+03    0.0000000000E+00    0.3530000000E+03   -0.1000000000E+01    0.2832861190E-02
   336    0.2346501648E+00    0.0000000000E+00    0.5460386800E+03    0.0000000000E+00    0.9200000000E+02   -0.1000000000E+01    0.1086956522E-01
   337    0.1142754964E+00    0.8168477380E+00    0.5351793913E+03    0.0000000000E+00    0.1570000000E+03   -0.1000000000E+01    0.6369426752E-02
   338    0.6960666978E-01    0.8856864492E+00    0.5066131724E+03    0.0000000000E+00    0.4500000000E+03   -0.1000000000E+01    0.2222222222E-02
   339    0.2986337287E+00    0.2072911509E+00    0.5484936067E+03    0.0000000000E+00    0.7600000000E+02   -0.1000000000E+01    0.1315789474E-01
   340    0.2773233140E+00    0.0000000000E+00    0.5054980482E+03    0.0000000000E+00    0.4670000000E+03   -0.1000000000E+01    0.2141327623E-02
   341    0.2973267496E+00    0.6453404189E+00    0.5104956531E+03    0.0000000000E+00    0.4180000000E+03   -0.1000000000E+01    0.2392344498E-02
   342    0.2830140881E+00    0.1027510525E+00    0.5221610598E+03    0.0000000000E+00    0.2760000000E+03   -0.1000000000E+01    0.3623188406E-02
   343    0.2896604179E+00    0.4625314676E-01    0.5092450677E+03    0.0000000000E+00    0.4280000000E+03   -0.1000000000E+01    0.2336448598E-02
   344    0.3336093633E+00    0.4831023026E-01    0.5318969190E+03    0.0000000000E+00    0.1860000000E+03   -0.1000000000E+01    0.5376344086E-02
   345    0.0000000000E+00    0.1000000000E+01    0.5067410788E+03    0.0000000000E+00    0.4440000000E+03   -0.1000000000E+01    0.2252252252E-02
   346    0.1000000000E+01    0.1711183963E-01    0.5041966879E+03    0.0000000000E+00    0.4750000000E+03   -0.1000000000E+01    0.2105263158E-02
   347    0.2231037799E+00    0.1104290642E+00    0.5522811970E+03    0.0000000000E+00    0.6300000000E+02   -0.1000000000E+01    0.1587301587E-01
   348    0.2265966327E+00    0.4208919080E+00    0.4991812092E+03    0.0000000000E+00    0.5110000000E+03   -0.1000000000E+01    0.1956947162E-02
   349    0.3228983946E+00    0.3013146707E-01    0.5096537074E+03    0.0000000000E+00    0.4230000000E+03   -0.1000000000E+01    0.2364066194E-02
   350    0.2631999304E+00    0.5485700549E+00    0.5055841783E+03    0.0000000000E+00    0.4640000000E+03   -0.1000000000E+01    0.2155172414E-02
   351    0.5383767650E+00    0.4675503922E+00    0.5193401537E+03    0.0000000000E+00    0.3060000000E+03   -0.1000000000E+01    0.3267973856E-02
   352    0.5025247429E+00    0.5322675480E+00    0.4962183528E+03    0.0000000000E+00    0.5250000000E+03   -0.1000000000E+01    0.1904761905E-02
   353    0.2264937037E+00    0.6893021281E+00    0.5238903085E+03    0.0000000000E+00    0.2590000000E+03   -0.1000000000E+01    0.3861003861E-02
   354    0.1801496344E+00    0.5686665721E+00    0.5221689098E+03    0.0000000000E+00    0.2750000000E+03   -0.1000000000E+01    0.3636363636E-02
   355    0.7014508077E+00    0.7952577228E+00    0.4982624388E+03    0.0000000000E+00    0.5160000000E+03   -0.1000000000E+01    0.1937984496E-02
   356    0.3596764871E+00    0.0000000000E+00    0.5200751630E+03    0.0000000000E+00    0.2940000000E+03   -0.1000000000E+01    0.3401360544E-02
   357    0.2397450817E+00    0.7036525585E+00    0.5369244045E+03    0.0000000000E+00    0.1470000000E+03   -0.1000000000E+01    0.6802721088E-02
   358    0.2971529981E+00    0.7160578143E+00    0.5259696168E+03    0.0000000000E+00    0.2420000000E+03   -0.1000000000E+01    0.4132231405E-02
   359    0.4754663985E+00    0.1698562949E+00    0.5660674102E+03    0.0000000000E+00    0.2600000000E+02   -0.1000000000E+01    0.3846153846E-01
   360    0.3839824715E+00    0.1902696571E+00    0.5453991236E+03    0.0000000000E+00    0.9400000000E+02   -0.1000000000E+01    0.1063829787E-01
   361    0.3067870505E+00    0.2630510728E-01    0.5208556051E+03    0.0000000000E+00    0.2870000000E+03   -0.1000000000E+01    0.3484320557E-02
   362    0.3943843951E+00    0.5837887699E-01    0.5124676230E+03    0.0000000000E+00    0.3980000000E+03   -0.1000000000E+01    0.2512562814E-02
   363    0.1401305687E-01    0.5504597340E+00    0.5198840045E+03    0.0000000000E+00    0.2970000000E+03   -0.1000000000E+01    0.3367003367E-02
   364    0.2105878933E+00    0.9004967018E+00   -0.1000000000E+11    0.1000000000E+02    0.5730000000E+03   -0.1000000000E+01    0.1745200698E-02
   365    0.4665991318E+00    0.1805070861E+00    0.5132764963E+03    0.0000000000E+00    0.3900000000E+03   -0.1000000000E+01    0.2564102564E-02
   366    0.3501741447E+00    0.6816271291E-01    0.5201772694E+03    0.0000000000E+00    0.2930000000E+03   -0.1000000000E+01    0.3412969283E-02
   367    0.4198330956E+00    0.7115946067E-01    0.5566496697E+03    0.0000000000E+00    0.4600000000E+02   -0.1000000000E+01    0.2173913043E-01
   368    0.1028993014E+00    0.7654043410E-02    0.5191540855E+03    0.1305731678E-02    0.5630000000E+03   -0.1000000000E+01    0.1776198934E-02
   369    0.4226001501E+00    0.2166334665E+00    0.6236792995E+03    0.0000000000E+00    0.3000000000E+01   -0.1000000000E+01    0.3333333333E+00
   370    0.4368487199E+00    0.1434924855E+00    0.5149381793E+03    0.0000000000E+00    0.3690000000E+03   -0.1000000000E+01    0.2710027100E-02
   371    0.2974305231E+00    0.0000000000E+00    0.6544106532E+03    0.0000000000E+00    0.1000000000E+01    0.4900000000E+02    0.1000000000E+01
   372    0.1140979460E+00    0.5698508493E+00    0.5027091235E+03    0.0000000000E+00    0.4860000000E+03   -0.1000000000E+01    0.2057613169E-02
   373    0.5917155177E+00    0.0000000000E+00    0.5451291756E+03    0.0000000000E+00    0.9700000000E+02   -0.1000000000E+01    0.1030927835E-01
   374    0.8762892105E+00    0.7322471980E+00    0.5038841985E+03    0.0000000000E+00    0.4780000000E+03   -0.1000000000E+01    0.2092050209E-02
   375    0.2589327920E+00    0.8286269837E-01    0.4993832137E+03    0.0000000000E+00    0.5090000000E+03   -0.1000000000E+01    0.1964636542E-02
   376    0.6814782909E+00    0.0000000000E+00    0.5533412158E+03    0.0000000000E+00    0.5800000000E+02   -0.1000000000E+01    0.1724137931E-01
   377    0.2054120325E+00    0.8723653160E+00    0.5225850648E+03    0.0000000000E+00    0.2700000000E+03   -0.1000000000E+01    0.3703703704E-02
   378    0.2481771088E+00    0.2035907902E+00    0.5133191385E+03    0.0000000000E+00    0.3890000000E+03   -0.1000000000E+01    0.2570694087E-02
   379    0.6562511752E+00    0.1619728749E-01    0.5595082012E+03    0.0000000000E+00    0.4000000000E+02   -0.1000000000E+01    0.2500000000E-01
   380    0.2787107323E+00    0.6261621659E-01    0.5030912150E+03    0.0000000000E+00    0.4830000000E+03   -0.1000000000E+01    0.2070393375E-02
   381    0.4861687876E+00    0.2371752307E+00    0.5505233013E+03    0.0000000000E+00    0.7100000000E+02   -0.1000000000E+01    0.1408450704E-01
   382    0.4159556759E+00    0.2344068743E+00    0.5443302495E+03    0.0000000000E+00    0.1020000000E+03   -0.1000000000E+01    0.9803921569E-02
   383    0.4035451727E+00    0.5382714302E+00    0.5064749830E+03    0.0000000000E+00    0.4540000000E+03   -0.1000000000E+01    0.2202643172E-02
   384    0.1061452328E+00    0.1594827244E+00    0.5237528598E+03    0.0000000000E+00    0.2610000000E+03   -0.1000000000E+01    0.3831417625E-02
   385    0.1896376636E+00    0.1908411809E-01    0.5503694394E+03    0.0000000000E+00    0.7300000000E+02   -0.1000000000E+01    0.1369863014E-01
   386    0.1000000000E+01    0.6918718220E-01   -0.1000000000E+11    0.1000000000E+02    0.5730000000E+03   -0.1000000000E+01    0.1745200698E-02
   387    0.5433097507E-01    0.0000000000E+00    0.5246696816E+03    0.7030998638E-02    0.5690000000E+03   -0.1000000000E+01    0.1757469244E-02
   388    0.1887491063E+00    0.0000000000E+00    0.5153640792E+03    0.0000000000E+00    0.3620000000E+03   -0.1000000000E+01    0.2762430939E-02
   389    0.2034898543E+00    0.2169924198E+00    0.4879914541E+03    0.0000000000E+00    0.5470000000E+03   -0.1000000000E+01    0.1828153565E-02
   390    0.5224240149E+00    0.7238353694E+00    0.5142510371E+03    0.0000000000E+00    0.3790000000E+03   -0.1000000000E+01    0.2638522427E-02
   391    0.2734681269E+00    0.7053179430E-02    0.5341060272E+03    0.0000000000E+00    0.1650000000E+03   -0.1000000000E+01    0.6060606061E-02
   392    0.3618769027E+00    0.1013770828E+00    0.5804137545E+03    0.0000000000E+00    0.1400000000E+02   -0.1000000000E+01    0.7142857143E-01
   393    0.3385726719E+00    0.0000000000E+00    0.5059925726E+03    0.0000000000E+00    0.4610000000E+03   -0.1000000000E+01    0.2169197397E-02
   394    0.3814580013E+00    0.2778777088E+00    0.5334886691E+03    0.0000000000E+00    0.1760000000E+03   -0.1000000000E+01    0.5681818182E-02
   395    0.4455065869E+00    0.2472782239E+00    0.5743229612E+03    0.0000000000E+00    0.1700000000E+02   -0.1000000000E+01    0.5882352941E-01
   396    0.6585718540E+00    0.0000000000E+00    0.5410087378E+03    0.0000000000E+00    0.1220000000E+03   -0.1000000000E+01    0.8196721311E-02
   397    0.7789614951E-01    0.5175352034E+00   -0.1000000000E+11    0.1000000000E+02    0.5730000000E+03   -0.1000000000E+01    0.1745200698E-02
   398    0.4070304756E+00    0.4824647966E+00    0.5040856122E+03    0.0000000000E+00    0.4770000000E+03   -0.1000000000E+01    0.2096436059E-02
   399    0.3396427147E+00    0.1540379276E+00    0.4915215126E+03    0.0000000000E+00    0.5380000000E+03   -0.1000000000E+01    0.1858736059E-02
   400    0.4332542068E+00    0.1581836732E-01    0.5356987670E+03    0.0000000000E+00    0.1540000000E+03   -0.1000000000E+01    0.6493506494E-02
   401    0.4183290057E+00    0.7714194084E+00    0.5364497859E+03    0.0000000000E+00    0.1490000000E+03   -0.1000000000E+01    0.6711409396E-02
   402    0.8615053775E+00    0.4990992198E+00    0.5143101375E+03    0.0000000000E+00    0.3780000000E+03   -0.1000000000E+01    0.2645502646E-02
   403    0.2724076221E+00    0.1000000000E+01    0.5066098954E+03    0.0000000000E+00    0.4510000000E+03   -0.1000000000E+01    0.2217294900E-02
   404    0.1219767730E+00    0.0000000000E+00    0.5427663859E+03    0.1928462248E-02    0.5650000000E+03   -0.1000000000E+01    0.1769911504E-02
   405    0.4208421757E+00    0.1779040503E+00    0.5023973075E+03    0.0000000000E+00    0.4890000000E+03   -0.1000000000E+01    0.2044989775E-02
   406    0.3519321190E+00    0.1068921292E+00    0.5443158720E+03    0.0000000000E+00    0.1030000000E+03   -0.1000000000E+01    0.9708737864E-02
   407    0.7098381960E+00    0.0000000000E+00    0.5460725087E+03    0.0000000000E+00    0.9100000000E+02   -0.1000000000E+01    0.1098901099E-01
   408    0.3942402449E+00    0.2972348300E+00    0.5064384116E+03    0.0000000000E+00    0.4560000000E+03   -0.1000000000E+01    0.2192982456E-02
   409    0.2751594797E+00    0.2952351929E+00    0.5079322814E+03    0.0000000000E+00    0.4350000000E+03   -0.1000000000E+01    0.2298850575E-02
   410    0.4448711935E+00    0.0000000000E+00    0.4887666186E+03    0.0000000000E+00    0.5460000000E+03   -0.1000000000E+01    0.1831501832E-02
   411    0.1860690211E+00    0.0000000000E+00    0.5026911145E+03    0.0000000000E+00    0.4870000000E+03   -0.1000000000E+01    0.2053388090E-02
   412    0.1801853911E+00    0.9886645689E-01    0.5338492714E+03    0.0000000000E+00    0.1700000000E+03   -0.1000000000E+01    0.5882352941E-02
   413    0.2156570893E+00    0.1021133064E+00    0.5075231030E+03    0.0000000000E+00    0.4380000000E+03   -0.1000000000E+01    0.2283105023E-02
   414    0.2424202626E+00    0.1642615472E+00    0.5442147265E+03    0.0000000000E+00    0.1050000000E+03   -0.1000000000E+01    0.9523809524E-02
   415    0.4038512690E+00    0.2633939457E-01    0.5042351952E+03    0.0000000000E+00    0.4740000000E+03   -0.1000000000E+01    0.2109704641E-02
   416    0.3161794042E+00    0.2796383603E+00    0.4989894825E+03    0.0000000000E+00    0.5140000000E+03   -0.1000000000E+01    0.1945525292E-02
   417    0.5492645171E+00    0.1348231146E+00    0.4906090653E+03    0.0000000000E+00    0.5390000000E+03   -0.1000000000E+01    0.1855287570E-02
   418    0.2343347936E+00    0.1023521161E+00    0.5149405976E+03    0.0000000000E+00    0.3680000000E+03   -0.1000000000E+01    0.2717391304E-02
   419    0.3292860874E+00    0.8533076526E-01    0.5215879511E+03    0.0000000000E+00    0.2800000000E+03   -0.1000000000E+01    0.3571428571E-02
   420    0.2122836952E+00    0.4064548200E-01    0.5031892836E+03    0.0000000000E+00    0.4820000000E+03   -0.1000000000E+01    0.2074688797E-02
   421    0.3206348657E+00    0.1069977969E+00    0.5263587372E+03    0.0000000000E+00    0.2350000000E+03   -0.1000000000E+01    0.4255319149E-02
   422    0.3993958075E+00    0.1199767528E+00    0.5831465311E+03    0.0000000000E+00    0.1000000000E+02   -0.1000000000E+01    0.1000000000E+00
   423    0.3144474520E+00    0.1923586249E-01    0.5262750151E+03    0.0000000000E+00    0.2370000000E+03   -0.1000000000E+01    0.4219409283E-02
   424    0.1810887048E+00    0.7069244793E-02    0.5095826674E+03    0.0000000000E+00    0.4240000000E+03   -0.1000000000E+01    0.2358490566E-02
   425    0.4008399500E+00    0.8064155589E-01    0.5513442737E+03    0.0000000000E+00    0.6700000000E+02   -0.1000000000E+01    0.1492537313E-01
   426    0.3554213479E+00    0.1150627587E+00    0.5466602124E+03    0.0000000000E+00    0.8500000000E+02   -0.1000000000E+01    0.1176470588E-01
   427    0.1650833455E+00    0.4262211151E+00    0.4964539550E+03    0.0000000000E+00    0.5230000000E+03   -0.1000000000E+01    0.1912045889E-02
   428    0.3377592102E+00    0.4461442009E+00    0.5384128885E+03    0.0000000000E+00    0.1370000000E+03   -0.1000000000E+01    0.7299270073E-02
   429    0.5037166600E+00    0.7511329206E+00    0.5337421655E+03    0.0000000000E+00    0.1710000000E+03   -0.1000000000E+01    0.5847953216E-02
   430    0.2911149770E+00    0.9727024487E+00    0.5084215521E+03    0.0000000000E+00    0.4310000000E+03   -0.1000000000E+01    0.2320185615E-02
   431    0.4511388303E+00    0.0000000000E+00    0.5136680769E+03    0.0000000000E+00    0.3850000000E+03   -0.1000000000E+01    0.2597402597E-02
   432    0.2688918429E+00    0.2172134219E+00    0.5123033118E+03    0.0000000000E+00    0.4010000000E+03   -0.1000000000E+01    0.2493765586E-02
   433    0.3383927790E+00    0.1280508316E+00    0.5117840339E+03    0.0000000000E+00    0.4070000000E+03   -0.1000000000E+01    0.2457002457E-02
   434    0.4045443310E+00    0.3920846061E-01    0.5112224831E+03    0.0000000000E+00    0.4130000000E+03   -0.1000000000E+01    0.2421307506E-02
   435    0.7925240903E+00    0.4494107374E+00    0.5130745129E+03    0.0000000000E+00    0.3920000000E+03   -0.1000000000E+01    0.2551020408E-02
   436    0.5036064411E+00    0.1696652352E+00    0.5010224855E+03    0.0000000000E+00    0.5010000000E+03   -0.1000000000E+01    0.1996007984E-02
   437    0.3418283459E+00    0.6398455718E+00    0.5317239249E+03    0.0000000000E+00    0.1890000000E+03   -0.1000000000E+01    0.5291005291E-02
   438    0.4717106461E+00    0.1000000000E+01    0.4837721811E+03    0.0000000000E+00    0.5530000000E+03   -0.1000000000E+01    0.1808318264E-02
   439    0.3567660299E+00    0.1887945730E-01    0.5204550781E+03    0.0000000000E+00    0.2900000000E+03   -0.1000000000E+01    0.3448275862E-02
   440    0.2661258406E+00    0.1602302812E-01    0.5119459451E+03    0.0000000000E+00    0.4050000000E+03   -0.1000000000E+01    0.2469135802E-02
   441    0.3550806222E+00    0.0000000000E+00    0.5294721310E+03    0.0000000000E+00    0.2080000000E+03   -0.1000000000E+01    0.4807692308E-02
   442    0.3417457084E+00    0.1316376905E+00    0.5520432098E+03    0.0000000000E+00    0.6500000000E+02   -0.1000000000E+01    0.1538461538E-01
   443    0.2700276659E+00    0.0000000000E+00    0.5218939809E+03    0.0000000000E+00    0.2780000000E+03   -0.1000000000E+01    0.3597122302E-02
   444    0.3892797599E+00    0.1092482901E+00    0.5293827349E+03    0.0000000000E+00    0.2090000000E+03   -0.1000000000E+01    0.4784688995E-02
   445    0.4717223223E+00    0.1923050553E-01    0.5240714302E+03    0.0000000000E+00    0.2560000000E+03   -0.1000000000E+01    0.3906250000E-02
   446    0.1578858769E-01    0.1007462473E+00    0.5693316575E+03    0.4761862036E-02    0.5680000000E+03   -0.1000000000E+01    0.1760563380E-02
   447    0.3239533213E+00    0.1386887728E+00    0.5117180112E+03    0.0000000000E+00    0.4090000000E+03   -0.1000000000E+01    0.2444987775E-02
   448    0.3859669493E+00    0.2236522098E+00    0.5304201790E+03    0.0000000000E+00    0.2000000000E+03   -0.1000000000E+01    0.5000000000E-02
   449    0.4622272902E+00    0.1287832543E+00    0.5016817645E+03    0.0000000000E+00    0.4960000000E+03   -0.1000000000E+01    0.2016129032E-02
   450    0.3826751042E+00    0.2384717224E+00    0.4960645880E+03    0.0000000000E+00    0.5260000000E+03   -0.1000000000E+01    0.1901140684E-02
   451    0.3534625406E+00    0.6878494678E-01    0.5484934004E+03    0.0000000000E+00    0.7700000000E+02   -0.1000000000E+01    0.1298701299E-01
   452    0.3058448852E+00    0.3259213604E-01    0.5254422966E+03    0.0000000000E+00    0.2480000000E+03   -0.1000000000E+01    0.4032258065E-02
   453    0.4049705432E+00    0.5320560011E-01    0.5428472898E+03    0.0000000000E+00    0.1100000000E+03   -0.1000000000E+01    0.9090909091E-02
   454    0.4276794712E+00    0.1672750441E+00    0.5381397957E+03    0.0000000000E+00    0.1410000000E+03   -0.1000000000E+01    0.7092198582E-02
   455    0.4676828479E+00    0.1880249451E+00    0.5468907796E+03    0.0000000000E+00    0.8300000000E+02   -0.1000000000E+01    0.1204819277E-01
   456    0.4063118673E+00    0.8469472074E-01    0.5398405873E+03    0.0000000000E+00    0.1260000000E+03   -0.1000000000E+01    0.7936507937E-02
   457    0.4247190089E+00    0.1243252361E+00    0.5128070526E+03    0.0000000000E+00    0.3940000000E+03   -0.1000000000E+01    0.2538071066E-02
   458    0.3130695776E+00    0.1237023483E+00    0.4962629599E+03    0.0000000000E+00    0.5240000000E+03   -0.1000000000E+01    0.1908396947E-02
   459    0.4901356296E+00    0.1973666531E+00    0.5066802342E+03    0.0000000000E+00    0.4490000000E+03   -0.1000000000E+01    0.2227171492E-02
   460    0.4921905843E+00    0.1680242173E+00    0.5463221051E+03    0.0000000000E+00    0.8900000000E+02   -0.1000000000E+01    0.1123595506E-01
   461    0.5019265352E+00    0.1403485472E+00    0.5166159125E+03    0.0000000000E+00    0.3440000000E+03   -0.1000000000E+01    0.2906976744E-02
   462    0.3075020211E+00    0.1793140884E+00    0.5380083660E+03    0.0000000000E+00    0.1420000000E+03   -0.1000000000E+01    0.7042253521E-02
   463    0.3723923745E+00    0.0000000000E+00    0.4943034491E+03    0.0000000000E+00    0.5330000000E+03   -0.1000000000E+01    0.1876172608E-02
   464    0.3931807503E+00    0.1035034374E+00    0.6384332600E+03    0.0000000000E+00    0.2000000000E+01   -0.1000000000E+01    0.5000000000E+00
   465    0.3388512748E+00    0.4385414436E-01    0.5416916726E+03    0.0000000000E+00    0.1180000000E+03   -0.1000000000E+01    0.8474576271E-02
   466    0.3003249567E+00    0.8778354617E-01    0.5291780442E+03    0.0000000000E+00    0.2120000000E+03   -0.1000000000E+01    0.4716981132E-02
   467    0.3118786580E+00    0.1953077892E-02    0.5263534802E+03    0.0000000000E+00    0.2360000000E+03   -0.1000000000E+01    0.4237288136E-02
   468    0.3318548814E+00    0.1026135499E+00    0.5371139223E+03    0.0000000000E+00    0.1460000000E+03   -0.1000000000E+01    0.6849315068E-02
   469    0.3276620816E+00    0.7386103037E-01    0.5048917222E+03    0.0000000000E+00    0.4710000000E+03   -0.1000000000E+01    0.2123142251E-02
   470    0.3706083915E+00    0.6780525516E-02    0.5221435864E+03    0.0000000000E+00    0.2770000000E+03   -0.1000000000E+01    0.3610108303E-02
   471    0.3730880540E+00    0.1376798670E+00    0.5485164544E+03    0.0000000000E+00    0.7500000000E+02   -0.1000000000E+01    0.1333333333E-01
   472    0.3136222291E+00    0.0000000000E+00    0.5508103628E+03    0.0000000000E+00    0.7000000000E+02   -0.1000000000E+01    0.1428571429E-01
   473    0.4788358289E+00    0.4082617947E-01    0.4877933858E+03    0.0000000000E+00    0.5490000000E+03   -0.1000000000E+01    0.1821493625E-02
   474    0.1644243836E+00    0.2040769236E+00    0.5049869088E+03    0.0000000000E+00    0.4680000000E+03   -0.1000000000E+01    0.2136752137E-02
   475    0.3461797941E+00    0.1476057372E+00    0.5187967036E+03    0.0000000000E+00    0.3190000000E+03   -0.1000000000E+01    0.3134796238E-02
   476    0.3100133663E+00    0.2156283401E-01    0.5250084160E+03    0.0000000000E+00    0.2520000000E+03   -0.1000000000E+01    0.3968253968E-02
   477    0.4926967278E+00    0.1940860886E+00    0.5340793890E+03    0.0000000000E+00    0.1670000000E+03   -0.1000000000E+01    0.5988023952E-02
   478    0.3167318285E+00    0.1255765470E+00    0.5321899715E+03    0.0000000000E+00    0.1830000000E+03   -0.1000000000E+01    0.5464480874E-02
   479    0.3410728806E+00    0.1149419313E+00    0.5630635980E+03    0.0000000000E+00    0.3000000000E+02   -0.1000000000E+01    0.3333333333E-01
   480    0.4137442748E+00    0.2089631598E+00    0.5015749436E+03    0.0000000000E+00    0.4970000000E+03   -0.1000000000E+01    0.2012072435E-02
   481    0.4188112284E+00    0.5159759119E-01    0.5035470661E+03    0.0000000000E+00    0.4810000000E+03   -0.1000000000E+01    0.2079002079E-02
   482    0.4726718756E+00    0.1424884974E+00    0.5594926945E+03    0.0000000000E+00    0.4100000000E+02   -0.1000000000E+01    0.2439024390E-01
   483    0.3267635349E+00    0.0000000000E+00    0.5145365669E+03    0.0000000000E+00    0.3740000000E+03   -0.1000000000E+01    0.2673796791E-02
   484    0.3295744516E+00    0.1304587211E+00    0.5191419742E+03    0.0000000000E+00    0.3100000000E+03   -0.1000000000E+01    0.3225806452E-02
   485    0.3275485558E+00    0.1931990674E-01    0.5743423167E+03    0.0000000000E+00    0.1600000000E+02   -0.1000000000E+01    0.6250000000E-01
   486    0.3630627176E+00    0.8418353067E-01    0.5213239449E+03    0.0000000000E+00    0.2830000000E+03   -0.1000000000E+01    0.3533568905E-02
   487    0.5007585259E+00    0.5013230483E-01    0.4888270405E+03    0.0000000000E+00    0.5450000000E+03   -0.1000000000E+01    0.1834862385E-02
   488    0.2977473778E+00    0.8312110930E-02    0.5144499338E+03    0.0000000000E+00    0.3750000000E+03   -0.1000000000E+01    0.2666666667E-02
   489    0.4159671314E+00    0.1261396873E+00    0.5158773874E+03    0.0000000000E+00    0.3580000000E+03   -0.1000000000E+01    0.2793296089E-02
   490    0.2746441421E+00    0.0000000000E+00    0.5226611140E+03    0.0000000000E+00    0.2690000000E+03   -0.1000000000E+01    0.3717472119E-02
   491    0.2093155877E+00    0.1492513685E-01    0.5000395593E+03    0.0000000000E+00    0.5050000000E+03   -0.1000000000E+01    0.1980198020E-02
   492    0.2464106877E+00    0.5668010933E-02    0.5183036554E+03    0.0000000000E+00    0.3280000000E+03   -0.1000000000E+01    0.3048780488E-02
   493    0.3249530005E+00    0.1256735858E+00    0.4980047773E+03    0.0000000000E+00    0.5170000000E+03   -0.1000000000E+01    0.1934235977E-02
   494    0.2892093511E+00    0.0000000000E+00    0.5367600642E+03    0.0000000000E+00    0.1480000000E+03   -0.1000000000E+01    0.6756756757E-02
   495    0.4207887330E+00    0.1450721551E+00    0.5203546742E+03    0.0000000000E+00    0.2910000000E+03   -0.1000000000E+01    0.3436426117E-02
   496    0.4019757842E+00    0.1162475813E+00    0.5171776102E+03    0.0000000000E+00    0.3370000000E+03   -0.1000000000E+01    0.2967359050E-02
   497    0.3433748112E+00    0.5995048466E-01    0.5384748210E+03    0.0000000000E+00    0.1360000000E+03   -0.1000000000E+01    0.7352941176E-02
   498    0.3511606100E+00    0.1237763934E+00    0.5328882575E+03    0.0000000000E+00    0.1810000000E+03   -0.1000000000E+01    0.5524861878E-02
   499    0.3203981735E+00    0.2066449854E-01    0.5431882581E+03    0.0000000000E+00    0.1080000000E+03   -0.1000000000E+01    0.9259259259E-02
   500    0.3702131000E+00    0.8283893887E-01    0.5577287300E+03    0.0000000000E+00    0.4200000000E+02   -0.1000000000E+01    0.2380952381E-01
   501    0.2980024348E+00    0.0000000000E+00    0.5477565993E+03    0.0000000000E+00    0.7900000000E+02   -0.1000000000E+01    0.1265822785E-01
   502    0.3209480874E+00    0.0000000000E+00    0.5239374093E+03    0.0000000000E+00    0.2570000000E+03   -0.1000000000E+01    0.3891050584E-02
   503    0.2754589150E+00    0.3865956438E-01    0.5018823183E+03    0.0000000000E+00    0.4950000000E+03   -0.1000000000E+01    0.2020202020E-02
   504    0.3004136361E+00    0.0000000000E+00    0.5151115238E+03    0.0000000000E+00    0.3650000000E+03   -0.1000000000E+01    0.2739726027E-02
   505    0.3008362060E+00    0.0000000000E+00    0.5343768924E+03    0.0000000000E+00    0.1620000000E+03   -0.1000000000E+01    0.6172839506E-02
   506    0.3897750674E+00    0.1410259575E+00    0.5122362235E+03    0.0000000000E+00    0.4020000000E+03   -0.1000000000E+01    0.2487562189E-02
   507    0.3221350537E+00    0.1477226609E+00    0.4904656216E+03    0.0000000000E+00    0.5400000000E+03   -0.1000000000E+01    0.1851851852E-02
   508    0.3464863827E+00    0.0000000000E+00    0.5161217484E+03    0.0000000000E+00    0.3540000000E+03   -0.1000000000E+01    0.2824858757E-02
   509    0.3573876549E+00    0.0000000000E+00    0.5187157311E+03    0.0000000000E+00    0.3200000000E+03   -0.1000000000E+01    0.3125000000E-02
   510    0.3332236185E+00    0.1323575773E+00    0.5013131026E+03    0.0000000000E+00    0.4990000000E+03   -0.1000000000E+01    0.2004008016E-02
   511    0.4144357153E+00    0.1235441546E+00    0.5549590660E+03    0.0000000000E+00    0.5600000000E+02   -0.1000000000E+01    0.1785714286E-01
   512    0.3062935908E+00    0.0000000000E+00    0.5563208678E+03    0.0000000000E+00    0.4800000000E+02   -0.1000000000E+01    0.2083333333E-01
   513    0.2721970266E+00    0.0000000000E+00    0.5558021430E+03    0.0000000000E+00    0.5100000000E+02   -0.1000000000E+01    0.1960784314E-01
   514    0.4184142468E+00    0.1540626963E+00    0.5811835518E+03    0.0000000000E+00    0.1300000000E+02   -0.1000000000E+01    0.7692307692E-01
   515    0.3361790986E+00    0.3146215903E-01    0.5320390418E+03    0.0000000000E+00    0.1850000000E+03   -0.1000000000E+01    0.5405405405E-02
   516    0.3294357111E+00    0.1239198532E-01    0.5615016180E+03    0.0000000000E+00    0.3300000000E+02   -0.1000000000E+01    0.3030303030E-01
   517    0.2872448856E+00    0.6657507358E-02    0.5131707669E+03    0.0000000000E+00    0.3910000000E+03   -0.1000000000E+01    0.2557544757E-02
   518    0.2595794382E+00    0.0000000000E+00    0.5093581403E+03    0.0000000000E+00    0.4270000000E+03   -0.1000000000E+01    0.2341920375E-02
   519    0.3297373736E+00    0.2669614763E-01    0.5348095668E+03    0.0000000000E+00    0.1600000000E+03   -0.1000000000E+01    0.6250000000E-02
   520    0.4022946515E+00    0.1206614341E+00    0.5341683574E+03    0.0000000000E+00    0.1640000000E+03   -0.1000000000E+01    0.6097560976E-02
   521    0.2859870652E+00    0.8711397380E-01    0.5318688297E+03    0.0000000000E+00    0.1880000000E+03   -0.1000000000E+01    0.5319148936E-02
   522    0.3553901808E+00    0.0000000000E+00    0.5224584415E+03    0.0000000000E+00    0.2710000000E+03   -0.1000000000E+01    0.3690036900E-02
   523    0.3005207494E+00    0.0000000000E+00    0.5927351861E+03    0.0000000000E+00    0.7000000000E+01   -0.1000000000E+01    0.1428571429E+00
   524    0.3900905241E+00    0.1191646908E+00    0.5453955794E+03    0.0000000000E+00    0.9500000000E+02   -0.1000000000E+01    0.1052631579E-01
   525    0.4927545423E+00    0.2192773810E+00    0.5362850748E+03    0.0000000000E+00    0.1500000000E+03   -0.1000000000E+01    0.6666666667E-02
   526    0.5041588869E+00    0.2328955758E+00    0.5216098322E+03    0.0000000000E+00    0.2790000000E+03   -0.1000000000E+01    0.3584229391E-02
   527    0.3303936972E+00    0.1141973428E+00    0.5151262911E+03    0.0000000000E+00    0.3640000000E+03   -0.1000000000E+01    0.2747252747E-02
   528    0.4397087015E+00    0.2829115466E-01    0.5473377287E+03    0.0000000000E+00    0.8000000000E+02   -0.1000000000E+01    0.1250000000E-01
   529    0.2822261043E+00    0.3086241496E-01    0.5789732332E+03    0.0000000000E+00    0.1500000000E+02   -0.1000000000E+01    0.6666666667E-01
   530    0.4637366983E+00    0.1425201881E+00    0.5427601802E+03    0.0000000000E+00    0.1120000000E+03   -0.1000000000E+01    0.8928571429E-02
   531    0.3007481044E+00    0.0000000000E+00    0.5267606158E+03    0.0000000000E+00    0.2320000000E+03   -0.1000000000E+01    0.4310344828E-02
   532    0.2972031681E+00    0.0000000000E+00    0.5314349591E+03    0.0000000000E+00    0.1910000000E+03   -0.1000000000E+01    0.5235602094E-02
   533    0.2976328694E+00    0.0000000000E+00    0.5418789517E+03    0.0000000000E+00    0.1160000000E+03   -0.1000000000E+01    0.8620689655E-02
   534    0.2978000885E+00    0.0000000000E+00    0.5190969952E+03    0.0000000000E+00    0.3120000000E+03   -0.1000000000E+01    0.3205128205E-02
   535    0.3301877918E+00    0.1928129249E-01    0.5670194521E+03    0.0000000000E+00    0.2500000000E+02   -0.1000000000E+01    0.4000000000E-01
   536    0.3334760661E+00    0.1806948019E-01    0.5308429860E+03    0.0000000000E+00    0.1960000000E+03   -0.1000000000E+01    0.5102040816E-02
   537    0.2997447475E+00    0.2067627649E-01    0.5392581744E+03    0.0000000000E+00    0.1310000000E+03   -0.1000000000E+01    0.7633587786E-02
   538    0.2982065250E+00    0.0000000000E+00    0.5167711453E+03    0.0000000000E+00    0.3420000000E+03   -0.1000000000E+01    0.2923976608E-02
   539    0.3568168470E+00    0.0000000000E+00    0.5304548824E+03    0.0000000000E+00    0.1990000000E+03   -0.1000000000E+01    0.5025125628E-02
   540    0.2635676645E+00    0.6727163234E-01    0.5107783356E+03    0.0000000000E+00    0.4150000000E+03   -0.1000000000E+01    0.2409638554E-02
   541    0.3614860748E+00    0.9204233810E-01    0.5207331902E+03    0.0000000000E+00    0.2880000000E+03   -0.1000000000E+01    0.3472222222E-02
   542    0.3061575483E+00    0.0000000000E+00    0.5003513943E+03    0.0000000000E+00    0.5030000000E+03   -0.1000000000E+01    0.1988071571E-02
   543    0.3967969062E+00    0.0000000000E+00    0.5385172669E+03    0.0000000000E+00    0.1350000000E+03   -0.1000000000E+01    0.7407407407E-02
   544    0.3190478637E+00    0.1551845774E+00    0.5463324017E+03    0.0000000000E+00    0.8800000000E+02   -0.1000000000E+01    0.1136363636E-01
   545    0.3398890911E+00    0.8095771480E-03    0.5504508712E+03    0.0000000000E+00    0.7200000000E+02   -0.1000000000E+01    0.1388888889E-01
   546    0.3643726670E+00    0.3065258189E-01    0.5336803403E+03    0.0000000000E+00    0.1730000000E+03   -0.1000000000E+01    0.5780346821E-02
   547    0.4520104392E+00    0.3173597063E-01    0.5139515499E+03    0.0000000000E+00    0.3800000000E+03   -0.1000000000E+01    0.2631578947E-02
   548    0.3080964357E+00    0.1721968257E-01    0.5284031590E+03    0.0000000000E+00    0.2180000000E+03   -0.1000000000E+01    0.4587155963E-02
   549    0.3452651770E+00    0.0000000000E+00    0.4990379973E+03    0.0000000000E+00    0.5130000000E+03   -0.1000000000E+01    0.1949317739E-02
   550    0.3696912877E+00    0.1315198108E+00    0.5124252572E+03    0.0000000000E+00    0.3990000000E+03   -0.1000000000E+01    0.2506265664E-02
   551    0.3775514391E+00    0.0000000000E+00    0.5360843280E+03    0.0000000000E+00    0.1510000000E+03   -0.1000000000E+01    0.6622516556E-02
   552    0.2710396940E+00    0.1254544620E+00    0.5010354135E+03    0.0000000000E+00    0.5000000000E+03   -0.1000000000E+01    0.2000000000E-02
   553    0.3450178701E+00    0.7548167531E-01    0.5466191313E+03    0.0000000000E+00    0.8600000000E+02    0.3800000000E+02    0.1162790698E-01
   554    0.4024603089E+00    0.4368301545E-01    0.5160337311E+03    0.0000000000E+00    0.3570000000E+03    0.1300000000E+02    0.2801120448E-02
   555    0.3243092173E+00    0.3932896005E-01    0.5064571120E+03    0.0000000000E+00    0.4550000000E+03    0.5000000000E+01    0.2197802198E-02
   556    0.3249264382E+00    0.1351369099E+00    0.5055518405E+03    0.0000000000E+00    0.4660000000E+03    0.3000000000E+01    0.2145922747E-02
   557    0.2640319125E+00    0.2688025737E+00    0.4938439643E+03    0.0000000000E+00    0.5340000000E+03    0.2000000000E+01    0.1872659176E-02
   558    0.5695626855E+00    0.0000000000E+00    0.5555787126E+03    0.0000000000E+00    0.5300000000E+02    0.3900000000E+02    0.1886792453E-01
   559    0.2947764722E+00    0.2138932783E+00    0.5602855830E+03    0.0000000000E+00    0.3800000000E+02    0.4100000000E+02    0.2631578947E-01
   560    0.2964684182E+00    0.0000000000E+00    0.5447523044E+03    0.0000000000E+00    0.9900000000E+02    0.3700000000E+02    0.1010101010E-01
   561    0.3743149725E+00    0.0000000000E+00    0.5321409276E+03    0.0000000000E+00    0.1840000000E+03    0.2900000000E+02    0.5434782609E-02
   562    0.3446200237E+00    0.1940854906E+00    0.5689800740E+03    0.0000000000E+00    0.2100000000E+02    0.4400000000E+02    0.4761904762E-01
   563    0.2759361752E+00    0.3977166483E-01    0.5561527227E+03    0.0000000000E+00    0.4900000000E+02    0.4000000000E+02    0.2040816327E-01
   564    0.3037204522E+00    0.0000000000E+00    0.5342988784E+03    0.0000000000E+00    0.1630000000E+03    0.3100000000E+02    0.6134969325E-02
   565    0.3008818285E+00    0.0000000000E+00    0.5215636070E+03    0.0000000000E+00    0.2810000000E+03    0.2000000000E+02    0.3558718861E-02
   566    0.2970694440E+00    0.0000000000E+00    0.5905287794E+03    0.0000000000E+00    0.8000000000E+01    0.4700000000E+02    0.1250000000E+00
   567    0.2828884773E+00    0.0000000000E+00    0.5227993170E+03    0.0000000000E+00    0.2670000000E+03    0.2100000000E+02    0.3745318352E-02
   568    0.3182897078E+00    0.5674251248E-02    0.5357799139E+03    0.0000000000E+00    0.1530000000E+03    0.3200000000E+02    0.6535947712E-02
   569    0.2989988032E+00    0.2079806546E-01    0.5673361329E+03    0.0000000000E+00    0.2400000000E+02    0.4300000000E+02    0.4166666667E-01
   570    0.3317097380E+00    0.0000000000E+00    0.5202571597E+03    0.0000000000E+00    0.2920000000E+03    0.1800000000E+02    0.3424657534E-02
   571    0.3000672060E+00    0.0000000000E+00    0.5116088536E+03    0.0000000000E+00    0.4100000000E+03    0.8000000000E+01    0.2439024390E-02
   572    0.2978840665E+00    0.1440268398E-01    0.5130717945E+03    0.0000000000E+00    0.3930000000E+03    0.1000000000E+02    0.2544529262E-02
   573    0.4326960536E+00    0.9235041338E-01    0.5162688739E+03    0.0000000000E+00    0.3500000000E+03    0.1400000000E+02    0.2857142857E-02
   574    0.2822604110E+00    0.4265720683E-01    0.5287132253E+03    0.0000000000E+00    0.2160000000E+03    0.2500000000E+02    0.4629629630E-02
   575    0.2846191558E+00    0.3255304322E-01    0.5144116080E+03    0.0000000000E+00    0.3770000000E+03    0.1100000000E+02    0.2652519894E-02
   576    0.2950374716E+00    0.0000000000E+00    0.5817459269E+03    0.0000000000E+00    0.1100000000E+02    0.4600000000E+02    0.9090909091E-01
   577    0.2999952680E+00    0.3017421671E+00    0.5106441534E+03    0.0000000000E+00    0.4170000000E+03    0.7000000000E+01    0.2398081535E-02
   578    0.2955293086E+00    0.0000000000E+00    0.5163905405E+03    0.0000000000E+00    0.3480000000E+03    0.1500000000E+02    0.2873563218E-02
   579    0.2981038523E+00    0.4672554704E-02    0.5122059768E+03    0.0000000000E+00    0.4030000000E+03    0.9000000000E+01    0.2481389578E-02
   580    0.2983254740E+00    0.1612551076E-01    0.5610013437E+03    0.0000000000E+00    0.3700000000E+02    0.4200000000E+02    0.2702702703E-01
   581    0.5420027118E+00    0.1434470536E-01    0.4890516946E+03    0.0000000000E+00    0.5430000000E+03    0.1000000000E+01    0.1841620626E-02
   582    0.2824470964E+00    0.3724774835E-02    0.5387309542E+03    0.0000000000E+00    0.1320000000E+03    0.3500000000E+02    0.7575757576E-02
   583    0.2876251079E+00    0.1424841263E-01    0.5260095024E+03    0.0000000000E+00    0.2410000000E+03    0.2400000000E+02    0.4149377593E-02
   584    0.2887708695E+00    0.2644819504E-01    0.5199536681E+03    0.0000000000E+00    0.2950000000E+03    0.1700000000E+02    0.3389830508E-02
   585    0.2942964380E+00    0.4692193455E-01    0.5312278562E+03    0.0000000000E+00    0.1920000000E+03    0.2800000000E+02    0.5208333333E-02
   586    0.2994788373E+00    0.2176254993E+00    0.5212082345E+03    0.0000000000E+00    0.2840000000E+03    0.1900000000E+02    0.3521126761E-02
   587    0.3808847115E+00    0.0000000000E+00    0.5302305825E+03    0.0000000000E+00    0.2030000000E+03    0.2600000000E+02    0.4926108374E-02
   588    0.2969306618E+00    0.0000000000E+00    0.5254020503E+03    0.0000000000E+00    0.2490000000E+03    0.2300000000E+02    0.4016064257E-02
   589    0.3348407001E+00    0.0000000000E+00    0.5812259277E+03    0.0000000000E+00    0.1200000000E+02    0.4500000000E+02    0.8333333333E-01
   590    0.2601433389E+00    0.1499256346E+00    0.5359807962E+03    0.0000000000E+00    0.1520000000E+03    0.3300000000E+02    0.6578947368E-02
   591    0.2972807901E+00    0.8325532106E-01    0.5085402023E+03    0.0000000000E+00    0.4300000000E+03    0.6000000000E+01    0.2325581395E-02
   592    0.2972191769E+00    0.0000000000E+00    0.5244986230E+03    0.0000000000E+00    0.2550000000E+03    0.2200000000E+02    0.3921568627E-02
   593    0.3016969836E+00    0.3844118917E-02    0.5377271374E+03    0.0000000000E+00    0.1440000000E+03    0.3400000000E+02    0.6944444444E-02
   594    0.2829893782E+00    0.0000000000E+00    0.5191989303E+03    0.0000000000E+00    0.3080000000E+03    0.1600000000E+02    0.3246753247E-02
   595    0.2977803389E+00    0.0000000000E+00    0.5437333103E+03    0.0000000000E+00    0.1070000000E+03    0.3600000000E+02    0.9345794393E-02
   596    0.2946876559E+00    0.0000000000E+00    0.5325247141E+03    0.0000000000E+00    0.1820000000E+03    0.3000000000E+02    0.5494505495E-02
   597    0.3672657500E+00    0.2743468858E-01    0.6212113356E+03    0.0000000000E+00    0.4000000000E+01    0.4800000000E+02    0.2500000000E+00
   598    0.2730430923E+00    0.4298955813E-01    0.5148205804E+03    0.0000000000E+00    0.3700000000E+03    0.1200000000E+02    0.2702702703E-02
   599    0.2578417957E+00    0.0000000000E+00    0.5310065428E+03    0.0000000000E+00    0.1950000000E+03    0.2700000000E+02    0.5128205128E-02
   600    0.2965292164E+00    0.0000000000E+00    0.5063537965E+03    0.0000000000E+00    0.4580000000E+03    0.4000000000E+01    0.2183406114E-02
